0.56791470849342607,-0.18774206521921671,0.26790639661025467,-0.13686166544183065,0.98999125164934898,-0.0038851955493023967,0.034221505603754344
0.56791470849342607,-0.18774206521921671,0.26790639661025467,-0.13686166544183065,0.98999125164934898,-0.0038851955493023967,0.034221505603754344
0.56771268179712564,-0.18804747332291041,0.26768658013612023,-0.13667811839528676,0.99003088737097888,-0.0036625920297908656,0.033830746710346228
0.56798348249485775,-0.18826138796213027,0.26777904085477955,-0.13684041414319084,0.98998873661714737,-0.0036473898781260719,0.034404926614971985
0.56764642905231633,-0.18791213470268944,0.26775007239592874,-0.13680926820193276,0.99000447241032963,-0.0035817433839238776,0.034081371098130184
0.56822294790850181,-0.18796020096792526,0.26827640201575531,-0.13688956966407897,0.98996743770804119,-0.0037516442786444341,0.034808665015559709
0.56768420113471996,-0.18775757635936985,0.26787985170881207,-0.13721982343729738,0.98994003311777024,-0.003939950230497583,0.034262628019553612
0.56778950428617792,-0.18785432948183722,0.26787664371238129,-0.13683795807717716,0.98999652649721515,-0.0036210713137036308,0.034192668735545301
0.56781074475836291,-0.1876574060245636,0.26797842444145292,-0.13683116293387093,0.99000078976429839,-0.0035530311140269297,0.034103446836541644
0.56752613477881952,-0.18711692182975398,0.26775255010659937,-0.13718893533967561,0.98996245925247339,-0.0029868389172472945,0.033831997937511703
0.56764275532564479,-0.18766440221393857,0.26787173406789022,-0.13674045437822924,0.99001859819075999,-0.0035899486315215928,0.033946069605496267
0.56794525821789477,-0.1878325228307284,0.26771906642582044,-0.13671516168467837,0.99001689634202439,-0.0033313658543359138,0.034123474682134711
0.56761415814006011,-0.18751196763945852,0.26776960095625973,-0.13703091860685221,0.98998218073262167,-0.0032107263368426073,0.03387477548316959
0.56791741575467714,-0.1875651252513002,0.26800210688049081,-0.13686088771810453,0.98999759567970524,-0.0034489426532825248,0.034087574803581773
0.5674096071593081,-0.18789018555559553,0.26759283435694931,-0.13652745424028781,0.99006573199944758,-0.0035114809855762139,0.033433068365801774
0.56747005550564833,-0.18810224120377533,0.26768236747618357,-0.13557720367794143,0.99020248965767188,-0.0030615403261352882,0.033293817585999537
0.56761312255424057,-0.18759672822467616,0.26788144652053753,-0.13648872535583861,0.99006563227304256,-0.003089345820902643,0.033635213466217777
0.56759048536978574,-0.18743067767454596,0.26796403197180968,-0.13645605269031294,0.99006762869023424,-0.0030117851603015059,0.033715952515437908
0.56778159808648943,-0.1875369647810238,0.26807276444574113,-0.13627251237432605,0.99007833358559638,-0.0029307558854310615,0.034148300184604088
0.56763306013570425,-0.1875992329714033,0.26771043702143532,-0.13551455540251581,0.99021361689680754,-0.0023836872067424034,0.033273356030039301
0.56779438595700449,-0.18717960004063686,0.26814808621482084,-0.1363280653999962,0.99008301065041282,-0.0022067204648322895,0.033844068763954072
0.56744370885067064,-0.18731461993705903,0.2680507149716001,-0.13579975187457052,0.99016660843524096,-0.0023677204976725887,0.033509831845330462
0.56745932601489435,-0.18700456029733412,0.26796118750332765,-0.13636804911339814,0.99008571416483648,-0.0024893235088131972,0.033583285369067239
0.56720121642758492,-0.18689001931664109,0.26792317842618418,-0.1358615010839159,0.99017319181833929,-0.0019793594728190734,0.033087533356008135
0.56774538574661215,-0.18711969905174877,0.26808303625354002,-0.13573491108606811,0.99017062742301831,-0.0019631681806902336,0.033679496312413661
0.56766931858696512,-0.18723968334110724,0.26817278014128865,-0.13496240701868112,0.99028947348293928,-0.0021053625962994755,0.033278744702063205
0.5675133350416024,-0.18686704784773031,0.26805162707979702,-0.1353221766512924,0.99024116460293266,-0.0015788961610928886,0.033284403541251062
0.56735317653119033,-0.18673550373377032,0.26814133543181207,-0.13540572653959224,0.99024623611927676,-0.0016084135856108566,0.032788627260506603
0.56729780518511963,-0.18630529598314918,0.26830298222259102,-0.13487599621464103,0.9903136919363138,-0.00082328603285743217,0.032963303970994007
0.56737092622636653,-0.18618463000075886,0.26853446942511394,-0.13528621012403877,0.99024682878409631,-0.0013239880618292753,0.033273209777947725
0.56710221434774588,-0.18656462531866663,0.26812706207279424,-0.13447158339212165,0.99038133674759976,-0.00088181483930217406,0.032579494849405408
0.56746736736428149,-0.18630846556524361,0.26816431696033033,-0.13421984426030265,0.99040509021467749,-0.0003572273446991883,0.032903845857601602
0.5672700093217059,-0.18604758730995755,0.2683405254916178,-0.13465651338093321,0.99035221100793269,-0.00052388150930217272,0.032708517299843094
0.56726313292510111,-0.18620791443520565,0.26823476047469652,-0.13446724604033181,0.99038231037892877,-0.0003837614886255081,0.032577473166961163
0.56740216941549315,-0.18651630339675243,0.26823782417642106,-0.13408503820079068,0.99042769832722766,-0.00064470353976409382,0.032768296786205915
0.56788669750906795,-0.18641982871931811,0.26836986737463497,-0.13474762977037352,0.9903087942553066,-0.00091872681023463635,0.033626243217398606
0.56826896377138025,-0.18620758564860107,0.26875102962720254,-0.13467796858220216,0.99029704368017257,-0.00057786057648489414,0.03425311860307198
0.56810819051161743,-0.18586416494895647,0.2687763597920137,-0.13537802774274671,0.99020032538308356,-0.00097635245027814213,0.034280489372422569
0.56847775446304072,-0.18682516805557844,0.26853238997122753,-0.13461560268461983,0.9903046638628582,-0.0012806105384950272,0.034258900770122128
0.56814581275958387,-0.18650394145457122,0.26858292570538422,-0.13493188900151465,0.99027038662570832,-0.0011596962350048617,0.034008848955764469
0.56862961768993148,-0.18649122365666454,0.26882851796267276,-0.13448369368089433,0.99030971712815419,-0.0012920076717658361,0.034628471113735765
0.56814776776897891,-0.18628376037059466,0.2687846590638035,-0.13464182787634235,0.99031195632631153,-0.0010918625038683172,0.033950186737983154
0.56851731386759152,-0.18585620432126923,0.26917433162310567,-0.13513618905197222,0.99022128027772727,-0.0011289718194295788,0.034622996928046074
0.5688844320578037,-0.18589056174729338,0.26930737731399118,-0.13526071823457261,0.99019421495403859,-0.00088360090295640009,0.034916672574389886
0.56903113394383353,-0.18600773418912239,0.26959261059303802,-0.13474577854177086,0.99025693427508588,-0.001014310494737493,0.03512478412034311
0.56866824810837524,-0.18505420649344412,0.26947286119816388,-0.13519841004212066,0.99020400098187178,-0.00044325180892380801,0.034888821840383395
0.56938016760000165,-0.18574502622070974,0.26974003645486011,-0.13458978127651167,0.9902559247578262,-0.0010730611537563045,0.035744129556105904
0.56888999452602129,-0.18597213708700319,0.26930185990615368,-0.13439621753853015,0.99032166846466818,-0.00089701723727845216,0.034638779435309325
0.56908815843437732,-0.18591765124562265,0.26951782400367741,-0.13459189831751492,0.99027512763954706,-0.00096236224011623649,0.035203214976552488
0.5694957021829371,-0.18609845367564337,0.26957355832443503,-0.13455316152540836,0.99027100236223742,-0.0011566190787231717,0.035460553243197794
0.56935297192347323,-0.18615705707132121,0.26944596541534016,-0.13452338567291655,0.99027912636620963,-0.0011181946009269986,0.035347704753025427
0.56926866551026123,-0.18590487211125534,0.26944572345609907,-0.13442987527151917,0.99029530541704458,-0.00097265037588055415,0.035254370717582049
0.56969337095314454,-0.18566140084901847,0.26984761742510477,-0.13457703443733565,0.99025921654582372,-0.00064719533213624281,0.035711160528689459
0.57001394868286026,-0.18592797778366824,0.26995458430558411,-0.13390003266477138,0.99034636697576395,-0.00065516718362296428,0.035838881487016333
0.57002022826441556,-0.18576615748732059,0.27006121580288334,-0.13465931370186984,0.99023855012296869,-0.00081518126140271274,0.035969689506770985
0.5702188714306351,-0.18584098699841411,0.27022870122461684,-0.13439874214481234,0.99026388994369308,-0.00062062912419257824,0.036249430381289832
0.57025088600183826,-0.18569847143471771,0.27017392568716919,-0.13437404241378975,0.99026601206784903,-0.00065096700911658435,0.03628247938838864
0.57035757623340477,-0.18560593541112069,0.27019829134805445,-0.13421456886552977,0.9902882494924875,-0.00053967175043897076,0.036267632618447676
0.57075781193669162,-0.18582253881293112,0.27051429479376177,-0.13382683533984718,0.99032443588998487,-0.00059792803670957284,0.036708749694967138
0.57074688331777601,-0.186087751299337,0.27059098555680922,-0.13397366950311568,0.99030568995149759,-0.0010277818145530146,0.036669333155925417
0.57081027308742349,-0.18583523649815728,0.27062317480608417,-0.13438950330923785,0.99024145248772344,-0.0011289325474103413,0.036878892155318414
0.57029269210512623,-0.18691947523146887,0.26985406396703027,-0.13339599600217672,0.99041032499151649,-0.0015843260222296596,0.03592194749510827
0.57049718216628476,-0.18704007239325202,0.26924387410735062,-0.13379633288337825,0.9903629852511483,-0.0019042249736246528,0.035722159490211507
0.57089255931607674,-0.18662724137796588,0.26890367064869519,-0.1335659644177965,0.99039276091111217,-0.001080323163892232,0.035793088520976915
0.57159044992225394,-0.18738637616581252,0.2684951512370875,-0.13160123531899029,0.99064745412638133,-0.00018730351956605239,0.036037500091247676
0.57231035722795642,-0.18748759714948493,0.26857046324224276,-0.12994276059812923,0.99084483546756397,0.00064355308520526401,0.036619350551589498
0.57278106696151165,-0.18744677285672542,0.26796033361552751,-0.12927773733170692,0.99091495948334296,0.0012481207893678635,0.037057413522997878
0.57332804621348488,-0.18865317294185077,0.26764129704626116,-0.12802913038858629,0.99106307050864639,0.00069277724985377764,0.037443986240765427
0.57392739798175907,-0.18911892929730315,0.26692372818679622,-0.12823586665082798,0.99103156711231655,-0.00033312188227719452,0.037575051843329418
0.57368484013824261,-0.19009502904678521,0.26579021347647247,-0.12676313540956047,0.99126555722380993,-0.00035912644368077309,0.036380950937333907
0.57395670062436743,-0.19045141319150963,0.26541422515198698,-0.12518895295971474,0.99147476587924799,-5.5853907067379448e-05,0.036131863526281859
0.57440614414794899,-0.1917210261532834,0.26452185763196956,-0.12262786538035325,0.9918244666694066,0.00032878592771661051,0.035306172944953695
0.5739022860481372,-0.19167913478919907,0.26344474474936019,-0.12119639922463438,0.99205852271336714,0.0010123959806511307,0.033619865870244743
0.57415805075956461,-0.19216514538566479,0.26290019308394341,-0.11946958436452017,0.9922999095741184,0.0014563372389641569,0.032646392646231516
0.574562614318752,-0.19352148135335023,0.26234560284597469,-0.11650317229642725,0.99268101321203117,0.002138342036056084,0.031730810682065132
0.57458917446543911,-0.19416294445786875,0.26151532375481579,-0.11661222083567328,0.99271340529786145,0.001701991847642223,0.030311517900741259
0.57473971979128746,-0.19544162184718639,0.26085172809098961,-0.11534988065210453,0.99290453502118703,0.0017855858622077907,0.028840961340331282
0.57488031523997862,-0.19603891861761122,0.26010713507186511,-0.11447267346149209,0.99303551767636922,0.0024065935168158994,0.027761051339044843
0.57459626155752486,-0.19711937449533387,0.25933617881014892,-0.11310222924420069,0.99324916630056226,0.0025221999966200601,0.025644061503737024
0.57428578130063146,-0.19780934501680841,0.25817504895856797,-0.11307863650920952,0.9932885282404732,0.0028806372858974352,0.024141738958079681
0.57430947271743582,-0.19817454443081328,0.25769172946019736,-0.11250575799294089,0.9933825961401318,0.0035047628077461211,0.022829558514942328
0.57470249361882086,-0.19938863605924798,0.25713165015086914,-0.11149282630676868,0.99351243653000409,0.0042288914402973362,0.02201146563792902
0.5750023753298219,-0.20032274051067855,0.2565241051525059,-0.11082414491844063,0.99361310589967045,0.00453589470475654,0.02074681533957121
0.57514320791507012,-0.2009252736028844,0.25598698313975238,-0.10999010848204159,0.99372089748196935,0.0052373974496991525,0.019837429563640447
0.57527145629397491,-0.20173804466543283,0.25511972894007617,-0.10880648637105705,0.99387566431187757,0.0065476802811045504,0.018150490217778936
0.57520744976317151,-0.20259312187846162,0.25436582017457754,-0.10813178709150217,0.99396573571053071,0.0075029415869862356,0.016832668278200361
0.57570198905325776,-0.20297255205305084,0.25382757679387086,-0.10699926851082568,0.99408315482920717,0.0092718475933128291,0.016244096317285621
0.57633072562691723,-0.20344596496700879,0.25372001881166795,-0.10625229462408477,0.99416161881710252,0.010431742370314068,0.015630237016581418
0.57585389761629291,-0.20430702529885647,0.25279440912147261,-0.10588628589910999,0.99421965346250862,0.011334970906779011,0.013670902015737348
0.57692703605076012,-0.20523897167651003,0.25270635411581888,-0.10480608079709543,0.99432584972939031,0.012359689226500816,0.013380137148146651
0.5771417926453194,-0.20583597004322107,0.25238363870824893,-0.10415122403263061,0.99439946559991288,0.013333246827778216,0.012018730221710497
0.57710080708978462,-0.20597071498973427,0.25235184440873576,-0.10398835566338881,0.99441442194645546,0.014573438489609007,0.01067680672819756
0.57744442470348512,-0.20721456467974131,0.25182693859835403,-0.10221342867623705,0.99458715374926177,0.016319504119758528,0.0090819810876008461
0.57812576994557741,-0.20860864205894203,0.2514917406198458,-0.10003377859158946,0.99479970849136112,0.017417599891549427,0.0079630609824363555
0.57848006317933698,-0.20867689210650936,0.25145299365572515,-0.099606687005308572,0.99482138248315333,0.0189800849588041,0.0069771937833785422
0.57879523929747734,-0.20974758563235701,0.25095574561646977,-0.098600327301795868,0.99490695227809656,0.020153385247139163,0.0056544520308135626
0.57929352446395033,-0.21013899801388625,0.25098112217715346,-0.097961656311967238,0.99493317173190932,0.022115831006858648,0.0047315641151008175
0.57949109778481322,-0.21090095554363036,0.25063625077385088,-0.096836525446701738,0.99501929114663412,0.023380611768075769,0.0035559216542038062
0.58091868038551087,-0.2120573656103695,0.25135306007042635,-0.095223077826588232,0.99513772874815487,0.024884618799241125,0.0037712091445647042
0.58126488515923258,-0.21213746120938134,0.25117141130561949,-0.094686989053092752,0.99514580013023579,0.02667770929776752,0.0027405134256416751
0.58188191590946481,-0.2135092859080768,0.25103895304903717,-0.092630802535753801,0.9953038273203012,0.028035353290602319,0.0019607929553525105
0.58288688869989003,-0.21425869323873628,0.25113325478826537,-0.091427785248704471,0.99537292300421898,0.029517718392631769,0.0015519456972817108
0.58351700557472863,-0.21479655517838439,0.25118885256439261,-0.090327379634813132,0.99542128921722883,0.031258059809504732,0.00059595164589025952
0.58437179786422,-0.21568962938805455,0.25149982824426009,-0.089003289116178635,0.99550271683890801,0.032445405227693472,0.000225770825919932
0.58577685853211547,-0.21701543440793009,0.25192124349685391,-0.087180354262958157,0.99562411681858964,0.033647289833757643,0.00025244134328084408
0.58711555267686721,-0.21812622476233903,0.25230740181268385,-0.085643716079484705,0.99570819877699368,0.035073803962065053,0.00040627577123397859
0.58780929250252056,-0.21945880455138711,0.25242595259985728,-0.083609246277243726,0.99584175247871853,0.03617278702363097,-0.00047690251503507939
0.58886091521640005,-0.22004778814332965,0.25259044630176603,-0.082917215011215337,0.99585217091678824,0.037448576166452315,-0.00089066166946694754
0.5900548472626107,-0.22131914995911103,0.25293054374415752,-0.080526039866470847,0.99599724726951977,0.038780250262669326,-0.0010642013567466373
0.59145091544049144,-0.22258847621948455,0.2536241599583744,-0.078932544907928934,0.99609058428113284,0.039654441220840775,-0.00085238036835458839
0.59315370873334849,-0.22334647423656501,0.25447574540709533,-0.077714529612183503,0.99614777865397175,0.040617849020065926,-0.00049528870203019838
0.5947374444269814,-0.22426840787922911,0.25526007805095968,-0.076064506995037348,0.99622065310652685,0.041935631718430399,6.2385762016184697e-05
0.5960348148326684,-0.22603834805328007,0.25576334118946131,-0.073853313685797103,0.99638239938485063,0.042045002902496971,0.00014136705647042154
0.59753280958765964,-0.22805016270824088,0.25602921358213071,-0.070456261746438223,0.99660143872418105,0.042678888106254496,-4.8604270604914303e-06
0.5991626217807533,-0.2294079655329701,0.25693390663365001,-0.068643764963801729,0.99670750711328582,0.043152632792857491,0.00017052465640620407
0.60105503083216472,-0.23091043248525464,0.25756195060447556,-0.066295463834355098,0.99684976734479191,0.04353089316436945,0.00071704946435325223
0.60299402570066785,-0.23248198319171579,0.25860644054517734,-0.063615571891128847,0.9970046507045025,0.043956449916751537,0.0016174044868225111
0.60421744786677234,-0.23398889384043511,0.25926226768367056,-0.060932186395273015,0.99716021848479242,0.044232261576762875,0.0015081008778432649
0.60599587910150288,-0.23558893278478563,0.26003451797220395,-0.058754779889619045,0.99728657407644727,0.044310994022672461,0.0019750482799319002
0.60791042455247746,-0.23719459065316284,0.26127891753623811,-0.056082744133237022,0.99745464863646138,0.043933121848043682,0.0029716205485238608
0.60987089534205574,-0.23960207799792058,0.26203902137116442,-0.05228807727075805,0.9976591869857383,0.043915005338240894,0.0036845494196011169
0.61171117627002758,-0.24064417011843031,0.26301818438927027,-0.050350147443743214,0.99775307027419524,0.043990689383588633,0.0043003091013261909
0.61402211685465058,-0.24252386681438937,0.26419880223989733,-0.047349675517308128,0.99789744649149215,0.043918834077524949,0.0054617330066668293
0.61582703182009058,-0.24449771862920924,0.26512114180519486,-0.044903163862703724,0.99801536456516327,0.043717827808933851,0.0061473163780621275
0.61758178839657907,-0.24578952222225114,0.26597084404117932,-0.042456061758641722,0.99810992648084296,0.043950826051623676,0.0065101743243010995
0.6194036399382653,-0.24788010528608245,0.26707214750748043,-0.0396006183041544,0.99824593190952271,0.043436721553289585,0.0070782537902716689
0.62124798709558149,-0.24993463188364007,0.26809545121041012,-0.035846058585253679,0.99838407231162674,0.043467648597056152,0.0074072777589586254
0.62343082790976612,-0.25191903327033771,0.26924181080949389,-0.033088640739710275,0.99846453018975578,0.043622490805548073,0.0084143985446817476
0.6252362609943265,-0.25374598826333372,0.27051301061982774,-0.030664278486016341,0.99855745682658603,0.043110042830122111,0.0091777801312793728
0.62720262609958555,-0.25560263492106622,0.27144321941286481,-0.027858889584000707,0.9986366319447022,0.042969892389718843,0.0101167167255023
0.62919590440812645,-0.25698032668892973,0.27280528168580387,-0.02542647743435969,0.99867964016662913,0.04333727047201022,0.01069352841526832
0.63096071472953252,-0.25937645699985007,0.27368598119381454,-0.022256513843833189,0.99877254526803783,0.042748738642594597,0.011427849963659637
0.6328117125685051,-0.26141453800692666,0.27502868724735963,-0.019072088726878388,0.99883418685001113,0.042629620508717075,0.012216303309676831
0.63469673310663721,-0.26319471298070352,0.27642630526860917,-0.016527878462635807,0.99887465747505755,0.042544093293821271,0.012893719921642538
0.63645989805687642,-0.26483438752841792,0.27753949046700299,-0.014089156100038218,0.99889033039263098,0.042806550030737384,0.013682207532236286
0.63881672339960383,-0.26693384262368791,0.27886446888671612,-0.012074300850076585,0.99892867848509481,0.041941487769458906,0.015382397819857219
0.64065904039224175,-0.26873284979665074,0.28009436534781051,-0.0094664187038185962,0.99894093052332544,0.042004034519421821,0.016219288708446248
0.64251568380032664,-0.27044452694753285,0.28105329821019476,-0.0066061207659184025,0.9989478590130676,0.042131813704063666,0.016865480000301251
0.64452411876295557,-0.273086488365199,0.28250727661456154,-0.0036306840449011192,0.99896035809053718,0.041614731966898348,0.018254730354494805
0.64624733366148202,-0.27446613591597646,0.28335193073344067,-0.001196495974094785,0.99893025039995464,0.042177230094569314,0.018921006707303567
0.64822050517422225,-0.27575132469719554,0.28469229693381226,0.00024437606507082734,0.99892391208392428,0.041771445059300819,0.020152035255654649
0.65032912305616608,-0.27833779207201875,0.28606177023015689,0.0034146341149416063,0.99888602994027798,0.041811874407585992,0.021605708100771278
0.6522946475496979,-0.27986327981869125,0.28726614634143005,0.0050944369824837453,0.99887531410812658,0.041021013419728879,0.023225633150502637
0.65405400334111319,-0.28204435010530365,0.28829516626313045,0.007683040275997908,0.99884193907142482,0.040725702505634558,0.024437037454985922
0.65614262156997061,-0.28406704802470439,0.28920756570574513,0.00985144741267595,0.99879547533911162,0.04055475854854533,0.02580424354757729
0.65802550825347494,-0.28550985752579305,0.29008173054753822,0.011501279045335036,0.99875186017416306,0.040162159386714351,0.027375962674706929
0.66014741055841564,-0.28856127768683121,0.2912661964306556,0.0148805459323054,0.99866713044274347,0.039762229123227542,0.029351270179757478
0.66246717484997808,-0.29010439616266281,0.29244734435488517,0.016914362314685214,0.9985895624452491,0.039346988081526486,0.031378410600382226
0.66428310182807315,-0.29261030682750955,0.2931388958874997,0.018847892281700585,0.99851564539698412,0.038913641175012059,0.033120860261839934
0.66622927913049657,-0.29384691363551479,0.29416574633455905,0.021724218756669838,0.99837639276590207,0.039538916095858828,0.034775146313458731
0.66831407925800934,-0.29590461919845962,0.2948767136677492,0.024028283957264335,0.99825591956170823,0.039407533342363445,0.036807702263903765
0.67008784233082186,-0.29810053160580741,0.29552105323873668,0.026002537746639194,0.99815992686730293,0.039038707144572894,0.03842665444031864
0.67223195937949176,-0.30017535705494469,0.29648033493663439,0.028353900512966896,0.99802230669378711,0.038540832378987901,0.040769301034579264
0.67402312569070555,-0.30221594056484291,0.29715435340689866,0.030867693472755312,0.99787692289906249,0.038555832086347865,0.04245326910027087
0.67580896708163085,-0.30467634206111438,0.29774658371788415,0.033825616482205785,0.99770648268785622,0.038754353253548784,0.043996615507610665
0.67790141595703002,-0.30595284361246999,0.2981974343990948,0.034810397251884541,0.99757638966222983,0.038723553904271103,0.046152674945880413
0.67968809682827047,-0.30888039963865377,0.29873310437143707,0.03840144014226652,0.99736714381267488,0.038591353696096606,0.04790425093715503
0.68157042446600424,-0.31079896071750474,0.29922694437187813,0.04033397938741326,0.99718946822737076,0.038569681372441704,0.049987140766579605
0.68382582551857563,-0.31276104670483046,0.29992012095122833,0.042764194698426586,0.99695772530372939,0.038562907168208517,0.052530179894468315
0.68588183319272145,-0.31516288229387152,0.30023282003811264,0.045255275818724489,0.9967172742321504,0.038571228402385263,0.05494447740523898
0.68693807803306339,-0.3164058034487453,0.30074460946150372,0.047157582186841449,0.99653293831692136,0.039020125305348249,0.056353306139830299
0.68912685332526691,-0.31810042835246144,0.30134488199173759,0.048930189031604739,0.99629961045199411,0.039000026314133851,0.058923007068828935
0.69098972644589407,-0.32004469500603938,0.30134444326951987,0.051415926444750217,0.99603706472545128,0.039379478384555848,0.060957566249774248
0.69299694136404022,-0.32309160346553639,0.30183111640067017,0.053797609803742853,0.99576275605241371,0.038695479387011476,0.063757436533436199
0.69431848571866384,-0.32437811390558713,0.30108974892304574,0.055929942278145156,0.99553989162076917,0.039402757597856261,0.064958359293898843
0.69644481315222417,-0.32656469087546847,0.30142056919439375,0.058549688814322973,0.99519218120790631,0.039576763852738506,0.067809558067729411
0.69871810677330748,-0.32951098065750328,0.30181142979167108,0.061343570052568137,0.99482152781553301,0.039452639780575297,0.070785474656307537
0.70000934289488537,-0.33098780554167601,0.30143966645845849,0.062546858877104192,0.9946297770329654,0.039370030600849114,0.072453417962504929
0.70200491415293842,-0.33322269624773754,0.30137446037284965,0.06505236630881446,0.99426004003188784,0.039666051035038771,0.075111695685150401
0.70360366343035563,-0.3352525926495033,0.3009568252382524,0.067256047253513571,0.99394875353873147,0.039627425845640211,0.077279794044004105
0.70578261853791757,-0.33763062804253902,0.30093717395818265,0.069641192680344077,0.99351073237046916,0.039851945703448369,0.080612352467861387
0.70714952476424131,-0.33895368340121662,0.30050541019508159,0.071276494326784054,0.99319789904605016,0.040249200350608812,0.082810606555758573
0.70922144547361987,-0.342368334301278,0.30007744442815704,0.074156670275799474,0.99273736586611561,0.040205191382268322,0.085772100666405768
0.71089518263503493,-0.34377276193465811,0.29972964599758944,0.075293065579211019,0.99242917602141689,0.039894027783742868,0.088451972303200843
0.71243958935891905,-0.34573037639560039,0.29889779388898874,0.077046522725155123,0.99206338561891638,0.040295649702036127,0.090831342968088341
0.71439331738195344,-0.34834546965823265,0.29843674086349109,0.079367622144945943,0.99161263381417797,0.040165150083003122,0.093765269337724805
0.71599256981911219,-0.35095914676471612,0.29770990315656998,0.082280237531049447,0.99112981186339522,0.040347439915276416,0.096248338373960088
0.71766719632973064,-0.35293471994111458,0.2966564592969636,0.083907742350196601,0.99072787112467908,0.040638516417472868,0.098824526985163502
0.71921647680286915,-0.35504531329938688,0.29629449646371164,0.085840347777388207,0.99027460974201209,0.040861283034679369,0.10157749525619651
0.72100829008682388,-0.3571135803743733,0.29535918288198115,0.088347352368060836,0.98977208865487054,0.041428084330569541,0.10406570846358636
0.72184641397762317,-0.35951078962396504,0.29428235315355145,0.090205853767973299,0.98942484700552435,0.041173621463086001,0.10585891067690281
0.72378955659842159,-0.36158066716882753,0.29363521406241255,0.092191463754888417,0.98891193566228786,0.041693047252584492,0.1086996197150296
0.72515735208965793,-0.363710978282689,0.29253637985095088,0.094052963289761357,0.98850843423998691,0.041340594156862073,0.11088764948172569
0.72648390325510892,-0.36593129991973017,0.29140667508954959,0.095513905097044355,0.98809942764592618,0.041663035426891031,0.11314064918464853
0.72746639716624428,-0.3686907074835914,0.29048484109024297,0.098387065894979558,0.98758374981357044,0.041762340680474429,0.11512701363985814
0.72886966351781912,-0.37043890387365586,0.28976208524076258,0.099864669614656662,0.98719742674726607,0.041743522994312429,0.11715701717931891
0.729827719101525,-0.37140360274139916,0.2884969441446763,0.10112715125783807,0.98684416493659843,0.042425102572995803,0.11879395641501715
0.73109119252795984,-0.3746376760866158,0.28782218188045783,0.10325421519241701,0.98636375790000363,0.041974330538345705,0.1210919473880866
0.732337604010183,-0.37700951346012751,0.28690896555781437,0.10485233527065368,0.98600383104873457,0.041617012658862945,0.12276179048409672
0.73284493653726046,-0.37917468477023647,0.28562486023864686,0.10681251212322809,0.98562821410353085,0.041978647251178357,0.1239592836054272
0.73368815253598008,-0.3813669723240245,0.28416825438338988,0.10886702800810075,0.98526989991195446,0.041806626124551341,0.12507358055262019
0.73432140512159483,-0.38406331146384159,0.28310450886362037,0.11086003289154453,0.98489631467498384,0.041302938771091667,0.12642535226683163
0.73537295977315131,-0.3860049569385407,0.28192183394547055,0.11223763132622475,0.9845662725834865,0.041405690620320408,0.12774011816807107
0.73623776851747624,-0.38848548568799507,0.28132606528590975,0.11414722277803649,0.98415122157000323,0.041059970221352944,0.12934783902235705
0.73710525331636545,-0.39023116548208336,0.28029174701561527,0.11564751422300365,0.98384613941202059,0.041084870744325867,0.13032444058589004
0.73761306437212149,-0.39207015084251495,0.2787050591987898,0.11609715562650362,0.98373476505591484,0.040521320635400482,0.13094038738976932
0.73775195180884157,-0.3941926598091155,0.27759565615962306,0.11769965769300852,0.98352334686185205,0.039887458263371547,0.13129206918126374
0.73864380221681758,-0.3958860029677993,0.27730236448756029,0.11903939454435859,0.98318146913879578,0.039753640320096824,0.13267806664966225
0.73892279604585898,-0.39880799144817614,0.27553851267911517,0.12047837906349546,0.98302304589092737,0.038897116806356803,0.13280687380444256
0.73941957409438508,-0.40075153420324783,0.27478410207259218,0.1212957486103306,0.98284398429033892,0.038005021119688433,0.13364378879335831
0.73959803842992167,-0.40302740791547237,0.27343809076375447,0.12315802268292762,0.98260058364964153,0.037790787281803309,0.13379107166338475
0.7401108215619161,-0.405114951488318,0.27256194568327241,0.12399495987507853,0.98244659362391762,0.03707045373174208,0.13434925404504972
0.74019040946434633,-0.40728015523202404,0.27134431117250385,0.12562918687068969,0.982286975461792,0.036711177363361387,0.1340965872083632
0.74023093303375831,-0.40811062845296697,0.26988262581966915,0.12599308722250241,0.98226911657209559,0.036558714164679956,0.13392753644954147
0.74106562302333456,-0.41087073411956104,0.26941628279922819,0.1282577586392836,0.98189186678168716,0.036195654962666995,0.13464094421320955
0.74142049786873243,-0.41312380375303337,0.26876150288999423,0.13020803303069406,0.98158855203299622,0.036229758708066308,0.13497106073525128
0.74117699686353578,-0.41454614670692197,0.26699709692920875,0.13151764834004617,0.98157727341729506,0.036309253665733211,0.13375650482877544
0.74157425013009337,-0.41688425594194012,0.26640112780442871,0.13296418964999079,0.98134471432132042,0.03570024657649435,0.13419600716379354
0.74177220541122713,-0.41790850550498299,0.26507291002417738,0.13388908931282625,0.98129798699381798,0.035829090008166788,0.13358236707758026
0.7420455987353225,-0.42050759982082875,0.26426647494497596,0.13637225131506353,0.98095549464311016,0.036077930836288255,0.13351894812094836
0.74258098267300265,-0.42237157047453039,0.26375646952086051,0.13805507656055643,0.9807069368829795,0.035840792880695291,0.13367923305863877
0.74263701824932293,-0.4249672718171747,0.26232349674894206,0.14010912779559564,0.98048498835527664,0.035422941894644781,0.13328103805807948
0.74263303270107073,-0.42648422099548317,0.26115844297539859,0.1411115958125006,0.98042879847275355,0.035463896657473237,0.13262428392413844
0.74297789410652415,-0.42873998785987494,0.26049017802124386,0.14321098759988368,0.9801020764310443,0.035770330762002846,0.13270650414881116
0.7435572421277753,-0.43053895692865085,0.25963128724199575,0.14448137024585231,0.97990693143208951,0.035380912162226004,0.13287486759277045
0.74381569834466388,-0.43252972108474647,0.25882100069067981,0.14584949202289316,0.9797074306109127,0.03549958020534489,0.13281963667949229
0.7440731798550525,-0.4353006749777758,0.25805216618217575,0.14846398613647382,0.97932703512794339,0.035013429738841889,0.13285730249370667
0.74423455796296945,-0.43637489799353435,0.2573601572862842,0.14962250854534917,0.97919588850290062,0.035482989635016011,0.13239892115184923
0.74504326641743157,-0.43861742398726139,0.25645571732148775,0.15111598821029149,0.97892662787934859,0.035185931501327934,0.13277260847169656
0.74563607175940827,-0.44000237933454589,0.25607688439380027,0.15257952933104366,0.97864851366862871,0.035422035516566183,0.13308588701723484
0.74588992251840702,-0.44272392922453258,0.25517185752199606,0.15459896802406542,0.97832386252337866,0.035201106666724734,0.13320083030022467
0.74637540679914083,-0.4444805446431212,0.25400215150174893,0.15644232739960864,0.97805758611072136,0.035656394231071635,0.13288257221886193
0.74772899561587458,-0.44641481289007756,0.25454401074652599,0.15775875536003336,0.97764836170782776,0.035416474105495165,0.13439318925893759
0.74768333498428408,-0.4484413690756191,0.25313408456189723,0.15927930623145359,0.97751512612600822,0.035261551993519276,0.13360727432400371
0.74796740449704335,-0.4504497256990323,0.25212988679752002,0.16066508394200196,0.9773019986469822,0.035325550360576767,0.13349022336578018
0.74873171195065202,-0.45237730107704316,0.25163238566500473,0.16214734841194525,0.9769355123447756,0.035514229359791115,0.13432788852507943
0.74972239556023657,-0.45485869858000844,0.25173078171236779,0.16334502978372453,0.97662594914725664,0.034811569054122762,0.13530820875750588
0.75059005472520546,-0.45667348908396377,0.25166217184302953,0.16504274532034557,0.97623000495995915,0.034982236039326965,0.13605922532004464
0.7513485896721418,-0.45883020654423057,0.25082265692598177,0.16611830895954807,0.97599469555723495,0.035070879533614811,0.13641515708050658
0.75257810386918333,-0.46116328509226162,0.25126663185298659,0.16716159817421902,0.9756183720830317,0.034431632669948163,0.13798642984575737
0.75333192522434378,-0.4627190611868684,0.25071826584438073,0.16786097872491168,0.97545561451101159,0.03450636821725845,0.13826910896116534
0.75390417673586163,-0.46393341087803752,0.24956311765558487,0.16946001635715444,0.97515253143116853,0.035390029215293252,0.13823309709240292
0.75476358376970687,-0.46619788957804109,0.24922793260638143,0.17026592230910498,0.97491411085886692,0.034922997430524447,0.13904091627633414
0.7554562107439764,-0.46953712638806849,0.24891547088468058,0.17238058406214529,0.97440559311983843,0.034353315532146322,0.14013751834222965
0.75680450078178463,-0.47166434608568086,0.24915396214677479,0.17350261132817249,0.97402163657356755,0.033994829912393977,0.14150281583092894
0.75826738312445663,-0.47372649863659488,0.24917583517493114,0.17479173361149239,0.97357536364657693,0.034231359987223625,0.14292331914334303
0.75889407549794596,-0.47519537773826931,0.24817865802653294,0.17547001876873877,0.97344486684090481,0.034168359507260715,0.14299610813925806
0.75988417162770827,-0.47759227977411511,0.24818299516797915,0.17724357462212267,0.97294858661210049,0.033721758922620693,0.14428654143700542
0.76061974019875755,-0.47891944227822819,0.24740724153071,0.17762479098374764,0.97283677392630274,0.033548301157381229,0.14461174369357957
0.76205282225839799,-0.48153545612954873,0.24741466344853469,0.17906770120876195,0.97230356670287943,0.033190656415133461,0.14648861009444269
0.76318414331633155,-0.48368004783239416,0.24776519454884749,0.18053217462082027,0.97181639230293848,0.033013589305740006,0.14795653584458857
0.7646629881175292,-0.48583009523778059,0.24783189871276973,0.18222330234567438,0.9712419367779177,0.032852241868577749,0.14968132325151656
0.76552650964124291,-0.48749880472223556,0.24699590221414319,0.182861972462976,0.97103258009398363,0.032611435514270842,0.15031208100704954
0.76622311426032685,-0.48896102208129794,0.24578025477850068,0.18447893315890129,0.97068429555541569,0.032785532744508461,0.1505477679186871
0.76725124811316714,-0.49122497069794646,0.24563920672109246,0.18566628860200632,0.97025640378427491,0.032315086022590291,0.15194168423350915
0.76857526007661148,-0.49387735604852734,0.24575785214746229,0.18703980764722403,0.96971960135692092,0.031812023163128263,0.15377906320995896
0.76944814819112561,-0.49526956394379451,0.24479243102112544,0.18806466332883573,0.96942967787289636,0.031563971139855748,0.15440692274683321
0.77085992961833205,-0.49659363423544384,0.24484976408029782,0.18863189217624204,0.96905246142766177,0.031414833618667745,0.15610395409377778
0.77236465388939668,-0.49810974651581902,0.24455542315020576,0.18970800405053662,0.9685923948665609,0.031357707219030154,0.15765893569280276
0.77278313626346373,-0.50034506322765382,0.24354681725866442,0.19075906041112814,0.96834832939688775,0.030445180066163501,0.15806829168451
0.77405570075738339,-0.50212308237660142,0.24354820507697567,0.19247244023033877,0.96776933032987578,0.030244816565724662,0.15956858743358074
0.7756012113309646,-0.50331881688175462,0.24350497890721101,0.1926585532724448,0.96745551219880566,0.029976064448365636,0.16128840419355239
0.77661872083781658,-0.50461176130035168,0.24281719056486556,0.19378903237945275,0.96707692056690508,0.030072252537381598,0.16218415540241754
0.77789575596979221,-0.50623423052855621,0.24232084782191887,0.19413293865113984,0.96676625104332148,0.029599835435859811,0.16370481885541549
0.778914753173091,-0.50754217786654354,0.24146802285007302,0.1945597437441586,0.9665591202450613,0.029076401378042283,0.1645130270471116
0.78000074111597884,-0.51044628064271869,0.24136227027925997,0.19680422440394996,0.9658269816406394,0.028388072524224039,0.16625419131574196
0.78147469047311469,-0.51020960004416105,0.24124774047577074,0.19589951570710556,0.96582202484890001,0.028224232361071341,0.16737559191865689
0.78224167869915062,-0.51292943970134763,0.24043852071765492,0.19760680001071795,0.96525424390041692,0.027659313747461126,0.16873280530109822
0.78378366323533266,-0.51325101312563137,0.23967220754648993,0.19760546654354827,0.96500765749286688,0.027877945640241299,0.17010326486906827
0.78483929127728225,-0.51489646796619415,0.23930615323012788,0.19867784165669011,0.96455891748372935,0.027512773148079133,0.171453367569605
0.7858401044001625,-0.51603242103191582,0.2383427457042705,0.19908039615803311,0.96434718963178767,0.027292122687763359,0.17221101519365672
0.7872572973534232,-0.51757356151093803,0.23752971939319395,0.19990040435023376,0.96387764453426972,0.027321701479471813,0.17387708111176692
0.78846731898099831,-0.51924736154076412,0.23724634811354017,0.20074449166524605,0.96345615865049095,0.026904844917719922,0.17529976823845356
0.78940297149161598,-0.52062782224770998,0.2354418596341793,0.20151128015054354,0.96317584623921226,0.026880194212670475,0.17596291754956764
0.79069090542499743,-0.52195323558176321,0.23546220028165793,0.20218309642431545,0.96273854982588547,0.026785114345167615,0.17759233612108274
0.79177379894935662,-0.52255770842760318,0.23392092403260223,0.20280061436410249,0.96249447642114894,0.02718249376561668,0.17814995286275928
0.79294647328395629,-0.52444259084893297,0.23290460966969001,0.20427878849483608,0.96194438144262873,0.027230353351501039,0.17942043205385796
0.79422124145489359,-0.52489727455240298,0.2317172502083833,0.20439964513682041,0.96172399536993802,0.027619725291777687,0.18040203039997174
0.7955366236674466,-0.5270226119497492,0.23103270735007161,0.20566786898046119,0.96113306280054467,0.027625382355468388,0.18210107498418185
0.79673499861637498,-0.52812298679310854,0.23026993179720134,0.20647137149576517,0.96072709175279225,0.027722786980324689,0.1833152339739483
0.79760949208673082,-0.52912555234509651,0.22863477636357862,0.2075790445306854,0.96046800430366319,0.027894042750991777,0.18339595240809517
0.7985585601236127,-0.53027709168822723,0.22718145037518706,0.2086628072507192,0.96008648781960226,0.028450097960295861,0.18407705099365243
0.79897631730576046,-0.53093439127189945,0.22466417376306452,0.20950888908192042,0.96001998714259773,0.02895404093122397,0.18338296866432099
0.80026649140321116,-0.53226918052486416,0.22399749201934388,0.21030721690949719,0.95963851510352116,0.028782226006358953,0.1844895073217164
0.80119706907469113,-0.53299577769105,0.22263042677953326,0.21084306411839968,0.95941330640190536,0.029507507050492647,0.18493408782534784
0.80196448010432642,-0.5346730597064131,0.22110198692683644,0.21219540895625272,0.95906964186871757,0.029652408804368601,0.18514660438635466
0.80263384997735532,-0.53538335756674205,0.21869318770739901,0.21355360414572516,0.95886130479449883,0.030087013675431706,0.18459314161760396
0.8040201149615227,-0.53571088918417942,0.21755109624196073,0.21377638538181004,0.958679773283865,0.030518825502515945,0.18520623812234896
0.80443723619164986,-0.53674356265699363,0.21538963268381045,0.21512725103688032,0.95849852247485989,0.030987195027750165,0.18450106237942895
0.80503524862016784,-0.53778242936424947,0.21367780317644167,0.21616320331571379,0.95828758229843758,0.031448678305622438,0.18430778545068105
0.80593422639845669,-0.53943193074636964,0.21224361808749503,0.21740460866291192,0.95793820655203965,0.031267902105038943,0.18469419822489822
0.8062287122493339,-0.54077745113478048,0.20981477688983263,0.21850007544774111,0.95780760230611406,0.031556307773223442,0.18402856689564795
0.80727987308384297,-0.54157725351063812,0.20808496435860119,0.21875817948900589,0.95774861564330593,0.031296513567910002,0.1840732907797345
0.80765133051450144,-0.54288981368174416,0.20583086965179354,0.22011202817276249,0.95754812144630719,0.031581501244926355,0.18345271583554709
0.8082757366035932,-0.54356841009105195,0.20359470075850991,0.22082119158361216,0.95745457745896567,0.031883904603721452,0.18303592564763926
0.80918041824342501,-0.54470560009927838,0.20214272015061141,0.22182438048137132,0.95715526398019435,0.032002390492887951,0.18336736858503802
0.80961108551236838,-0.54569290269543103,0.19981641345887513,0.22207404436151509,0.95719403169349226,0.031630933431841549,0.18292673003557486
0.80972438109428913,-0.54766718557226857,0.19758966744717199,0.22292258497507392,0.95718428016121448,0.030743493236026691,0.18209506457873859
0.81034520967189438,-0.5480328048225882,0.19495961140348045,0.22358039987478776,0.95713262750042571,0.031082695956873352,0.18150152665477537
0.81052050320727631,-0.55007123399624513,0.19279848590502996,0.22396858860600394,0.95716199983895578,0.029872857695394946,0.1810706761329291
0.81127144224318581,-0.55051083996913319,0.1905198513004796,0.22384510294244817,0.95727695989049721,0.029534083517147511,0.1806707775549066
0.81174405245891079,-0.5514964955420506,0.18856728746314605,0.22302601026297725,0.95763074170948215,0.028088062405853046,0.18003839043218156
0.81235584945167061,-0.55352349875750428,0.18720278144339514,0.22382160812913612,0.95738606675650872,0.027065642799561692,0.1805083319263574
0.81213000983502204,-0.55612237454920854,0.18534444406317455,0.22427797451459489,0.9574676218126007,0.025379628458279471,0.17975265724732212
0.81282478494479271,-0.55663724060186559,0.18316011172568841,0.22331660309080362,0.95784955885206446,0.023977074945954902,0.1791061620043434
0.81311137202835559,-0.55769249285885081,0.18063327288349137,0.22261624081810993,0.95817460301169233,0.022293877603369792,0.17845565972757901
0.81338771288828338,-0.55894213696256834,0.17814433231783749,0.22215035354283161,0.95846770150173355,0.020996084097995013,0.17761770759507339
0.81369213112930106,-0.56147721582209031,0.17671837334308441,0.22246305801190455,0.95845369833430549,0.018953577302365614,0.17753156867646835
0.81401150793972532,-0.56207951576875392,0.17413276468361685,0.22106766644412626,0.95900524592282277,0.017075241316859335,0.17648360059627607
0.81421864035982972,-0.56394423716888198,0.17229764120108709,0.22041401214896639,0.95924174350599101,0.014738078545192705,0.1762263595628589
0.81440764474950922,-0.56583162466212467,0.17040502572682134,0.21941196475426666,0.95959422379137871,0.012562964845864865,0.17572560229851397
0.81483179831049102,-0.56766142840080613,0.16857681693405285,0.2186583316712935,0.95981461680189084,0.0100862309823874,0.17562090794872967
0.81525756604813582,-0.56956008856451656,0.16714888885618567,0.21732556486338919,0.96012973327736684,0.0072344813812658306,0.17569335904548519
0.81559283944432348,-0.57092430624412316,0.16523151143507991,0.2166276426123456,0.96037815195484999,0.0052533809834469543,0.1752674290684037
0.81597078614662699,-0.57384193211726608,0.16407251177847409,0.21704402525967575,0.96027508217835311,0.0024229810004895418,0.17537898052362438
0.81637332802603824,-0.57560898890329359,0.16254952511134876,0.21671236272259345,0.96032448864533015,0.00062954645830087244,0.17553413349697289
0.81640736171038564,-0.5765327126241574,0.15950472180283345,0.21584928261181707,0.96074613705109324,-0.0014618472856825367,0.17428083755788948
0.8166245748417067,-0.5791113678472033,0.15836674151788974,0.21578640483557163,0.96071472517178524,-0.0039874591661962916,0.1744922476663022
0.81747424894853893,-0.58028114340545689,0.15695986758942823,0.21512132123680486,0.96079917889756672,-0.0059230184050980579,0.17479322879352663
0.8180538152759621,-0.582221450040597,0.15557395813574604,0.21499716481880038,0.96076038239815265,-0.0086695272457441661,0.17504441159708189
0.81794824455947457,-0.58391254975534956,0.153300866145337,0.21448190981255502,0.96096059063097217,-0.010388347312996522,0.17448305320986621
0.81865538913343316,-0.58502250392478639,0.15174873683810547,0.21419145619394733,0.9609776644035023,-0.012369482330122682,0.17461656427152347
0.81886096600917835,-0.58728193699938624,0.15009699711893554,0.21461255868367005,0.9608270265757769,-0.01420549987569022,0.17478866791094222
0.81926380312567371,-0.58829257838053239,0.14838935831063094,0.21398075188695409,0.96092747207249041,-0.015878119208474598,0.17486713976235976
0.81950835840046687,-0.59088146235657579,0.14723311095398248,0.21458863836583314,0.96069337906510843,-0.018227324343450646,0.17517908651445907
0.81979620576872525,-0.59175781159994045,0.14492730366567688,0.21410813682589488,0.96082738884616747,-0.019621422940098027,0.17488120067578877
0.82047108101281085,-0.5926868382887357,0.14310197750288414,0.21420229560747642,0.96074249578052973,-0.020635390352843147,0.17511543056758902
0.8209556369068306,-0.59418120731614277,0.14177381377561482,0.21484699655236675,0.96051558213853439,-0.02158076314352601,0.17545613469936819
0.82129878188911021,-0.59623118781584861,0.14066320276898664,0.21587427731251288,0.96019504620943086,-0.022978964624801042,0.17577183168654062
0.82172381237183012,-0.59723834127509001,0.13891526690581596,0.21626173576824215,0.96008628433477095,-0.023774730489715998,0.17578381741474924
0.82189576176023804,-0.59916234692517578,0.13698973692135111,0.21684539023873114,0.95992221199887584,-0.025148255578130104,0.17576970411528525
0.82299497726950133,-0.60034429375591947,0.13615341214175514,0.21724703926271818,0.95959150410853622,-0.025990469446728028,0.17695300130893232
0.82319245310883205,-0.60120489392072285,0.1341049203256488,0.21746433948474508,0.95958680446188671,-0.026718371970395415,0.17660281525032392
0.82373345180086399,-0.60303594056438925,0.13317752871058514,0.21817734467365804,0.9592646381892832,-0.028137390201748574,0.17725204501886585
0.82419732566544368,-0.6044436863673105,0.13223869039096073,0.21825429443626351,0.95913909863133984,-0.029732810399800635,0.17757593424369109
0.8244059387937912,-0.60598073206305481,0.13050187208478137,0.21887879800870275,0.95896151888426406,-0.030689008904773576,0.17760366497877733
0.82508749885902188,-0.60701125746187801,0.12924865949217407,0.21946521369398725,0.95869709303100803,-0.031452399721666288,0.17817309096464631
0.82505441239611288,-0.60855987612550033,0.12747205019610874,0.2205729858147964,0.95846215687241632,-0.03191942159054529,0.17798596095632557
0.8260745048396817,-0.60906809226230441,0.12635464844603425,0.22079663131958266,0.95825534887635322,-0.032551743250100941,0.17870623368859478
0.82668980463326136,-0.61100133564189718,0.1259664623044417,0.22177647163869801,0.95779632806195536,-0.033445190395877233,0.1797854549676049
0.82694331679323718,-0.61181975244190179,0.12418314309380257,0.22307729651309929,0.95756121555593177,-0.033381398759333068,0.17944001911592591
0.82732954350438948,-0.61252005028896173,0.12308772128857898,0.22363221906082728,0.95741352146016734,-0.033289087490571682,0.17955449361466044
0.82716124925089141,-0.61355844154179207,0.12055403731156526,0.22504939841965188,0.95720343909367489,-0.033496237514596988,0.17886404482332396
0.82762138533104523,-0.61532084887016947,0.12053496550587489,0.2267018693705849,0.95661999542030984,-0.033524570176357536,0.17989038323495593
0.82814687822598443,-0.61641961614053753,0.11915305146467661,0.22827165566640525,0.95616917210501273,-0.033416427720390371,0.18032167893445528
0.82818925055681514,-0.61721960566282785,0.11735775244239194,0.22920415888469525,0.95598875165162189,-0.033242267913942247,0.18012748787864372
0.82894735731276414,-0.61817639138831526,0.11695321529709513,0.22992006527385514,0.95563091804765876,-0.033597921786327714,0.18104555147115634
0.82904121126907349,-0.61936794456311473,0.11569125078295205,0.23091296477700085,0.95537964648329787,-0.034101160006183455,0.18101393501489693
0.82928493929312797,-0.61949171552474858,0.11403863495929793,0.23216866283850865,0.95512826768020143,-0.032875809658720931,0.18096100522842021
0.82969171287138532,-0.62007989656391582,0.11308898985259358,0.23380875532632919,0.95467963958936808,-0.032464105433008573,0.1812907431302043
0.82992633292462947,-0.62180608176206187,0.11286594515109605,0.23418417479001286,0.95442614758680488,-0.03354393048840764,0.18194313894159445
0.83039549066556084,-0.6221622216858107,0.11169483236172496,0.23527895867691051,0.95408649828706449,-0.032776762228204186,0.18245122429863808
0.83052042750122446,-0.62341006039697311,0.11117623783877562,0.23668340071468169,0.95369467018521148,-0.032999812070012971,0.1826429749259417
0.83001470723277815,-0.62513567514838819,0.10943343381120675,0.237972453204919,0.95344647881937761,-0.033233370680916224,0.18222092803996973
0.83027446283530915,-0.62528672355729142,0.10861317480221543,0.23884490764275682,0.95320331590843466,-0.032380279835025991,0.18250497558174505
0.83080650627772978,-0.62604350312707402,0.10775995414162332,0.2402165626632892,0.9527393863499023,-0.032500010167536772,0.18310492636451903
0.83081737349035822,-0.62777847959452981,0.10701375727360117,0.24186942231006545,0.9522494982672306,-0.032469005229532902,0.18348253132275966
0.83087827034982908,-0.6283948536405054,0.10617565744900624,0.24286962854612051,0.95200614109265458,-0.032233456072846285,0.18346567842880651
0.83080521722163858,-0.63016468404142323,0.10523876157152776,0.2439208264396881,0.95159486762786183,-0.032833255758101046,0.18409729940880398
0.83102327303345924,-0.63081751685480081,0.10461749045188212,0.24433727620358017,0.9514528649752968,-0.032755304068938916,0.1842927867363954
0.83108394317299417,-0.63195361219154189,0.10372412389220062,0.24571580771365231,0.95104321653464086,-0.032978033884666143,0.18453452632007269
0.83084040084176969,-0.63312445158264496,0.10286346515476907,0.24690025259777404,0.95076000915935022,-0.033386077572773822,0.1843394696606572
0.83107729652452256,-0.63336269543356882,0.10159674285338349,0.24739765059696742,0.95061358623206726,-0.033274373713731653,0.18444790105628198
0.83080212698748013,-0.63510040468406093,0.10122197407061569,0.24816633192783466,0.9503323546964868,-0.033814785588995908,0.18476592648560772
0.83086971191609582,-0.63594844359192393,0.10036556137445006,0.2487033685103896,0.95014426999012203,-0.034517574943586808,0.18488114483780549
0.83065333576728773,-0.63713990774628515,0.099492373966049333,0.2495581736049457,0.94989530662344368,-0.034791849237812242,0.1849571617113846
0.83034617506158959,-0.63781486414319399,0.098107528173085268,0.24946162601269287,0.94999370462936128,-0.035451103917560185,0.18445616699560838
0.83003204314584833,-0.63923381200524998,0.09762488522761216,0.25008321761225116,0.94977803126688343,-0.036472483910965983,0.18452596974103921
0.8301223553711391,-0.63908232017068856,0.096329731526498513,0.25003644526697449,0.9498220521300651,-0.036746869208178823,0.18430820092737188
0.83002374766861697,-0.64043443275772904,0.095999861357877303,0.25128352596235587,0.94938364674501829,-0.036910381093992209,0.18483750874904351
0.82978798142456223,-0.64265190925583393,0.095802308126485478,0.25203771241211492,0.94904602832820883,-0.037857743711246387,0.18535214829511545
0.8293030068859033,-0.64326442496362124,0.094511721773474985,0.25276235232824951,0.94894843907059856,-0.037945033390369282,0.18484649759183519
0.82901321245645088,-0.64424878708891897,0.09390522172625973,0.25371062791072058,0.94870472067693068,-0.038084099826750373,0.18476977997183763
0.82873220814048854,-0.64497438774434301,0.092596994302354962,0.25457640527563374,0.94851659422141987,-0.037977773180434084,0.18456655468364386
0.8286916497085719,-0.64528381544704827,0.09217842639684061,0.25427426622634397,0.94861078108610108,-0.038517002197677327,0.18438715813194786
0.82857093123892511,-0.64599247993475217,0.091461284984627911,0.25552436614978075,0.94826167102551406,-0.038129859530390532,0.18453513318564926
0.82824826327889933,-0.64759679397472059,0.090807202404713905,0.25692644912881696,0.94780913730045535,-0.038333979511297481,0.18487061692614029
0.82767996168271329,-0.64920969333790768,0.090330131174870418,0.25800037811499554,0.94751458746286943,-0.038807688003570616,0.18478602433464852
0.82751492336543819,-0.64971189782356498,0.089198588777016502,0.2587480614266725,0.94733450613919545,-0.038959023375724156,0.18463198174627074
0.82660472926518558,-0.65066383464835398,0.087763859003970587,0.25905006068130276,0.94739722096156598,-0.039341128533392243,0.18380382852659632
0.82658903889822088,-0.65166460834125539,0.087215957024206273,0.26019894095201107,0.94702580102753764,-0.039253924171757888,0.18411347792250513
0.82612666374257138,-0.65207662909309427,0.086229774802698583,0.26099041841053006,0.94689987910086815,-0.039192773145529755,0.1836533337291239
0.82583752891519557,-0.65347375509211492,0.08551156734284017,0.26157000864353558,0.94664221577511531,-0.039612351097505744,0.18406658450443672
0.82544994199229293,-0.65401918470227971,0.084446269543113378,0.26229151097637193,0.9465079277653381,-0.039895742003474718,0.18366882075379443
0.82451671726332276,-0.65508476757061451,0.083106803244185193,0.26289870611176419,0.94652672190277853,-0.040220520506317109,0.18263007632627604
0.82438735666135943,-0.65612702105140697,0.082554057798875938,0.26355435788185255,0.94624079564018682,-0.040561253802620323,0.18309080205643949
0.82364493739966138,-0.65738292328967096,0.081537139689085408,0.26389175068766907,0.94620672028136654,-0.040947679471626079,0.18269448256383133
0.82356823325445838,-0.65715974175970193,0.08080690315502212,0.26473303959932654,0.94602752878866625,-0.040330456781398016,0.18254256154199969
0.82289687128625866,-0.65826242784018885,0.079603319472192124,0.26558731377331929,0.94587766912426152,-0.040774855306140716,0.18197863882744603
0.82226193005675619,-0.65967222223625865,0.078547201297714961,0.26697190994656583,0.94548104227878482,-0.040685651664052788,0.18203372143527963
0.82130534524752574,-0.66110994887396501,0.077065965984702278,0.26798017259733337,0.94526995988273488,-0.041471999694835601,0.18147011676666783
0.82060586939425451,-0.662330957170431,0.076197000375913371,0.26834399788063795,0.94521736341004303,-0.041924715881827453,0.18110205108675875
0.82009099997920032,-0.66274888271572996,0.075319639975113983,0.26883582453651444,0.94518371744608276,-0.041792124732525859,0.18057812168398815
0.81955706177311782,-0.66387188460003121,0.074242209594424152,0.26961349219590452,0.94494848996605219,-0.041918256799371341,0.18062053007260551
0.81900179530483364,-0.66456724343255336,0.073064056468393368,0.27039654278469971,0.94478462223428772,-0.042179458310196108,0.18024600005646407
0.81845492155345645,-0.66579420296900726,0.071924503114525543,0.27156690246752246,0.94440908881481767,-0.0418975577069692,0.18052004073330055
0.81789819469564773,-0.66681399531880714,0.070800241365665206,0.27213062476805938,0.9442361045652633,-0.042252998922283846,0.18049317433309331
0.81715258329091023,-0.66714550167887965,0.068679365573430712,0.27233492292481243,0.94430935648658565,-0.042664975151519346,0.17970316887230287
0.81728435816557643,-0.66784624913144852,0.068562901966386161,0.2727212282062173,0.94405541971914009,-0.04257421831480309,0.18047141635033073
0.81683247750360588,-0.66884547392489502,0.067178565043789579,0.27368982609752135,0.94372081809401021,-0.042477440928264276,0.18077766344011204
0.81631723551113633,-0.67028670094230081,0.066365133884632943,0.27452501472461344,0.94339155537874542,-0.042993010097597546,0.18110767684797432
0.81602767015055744,-0.67169746670229968,0.064981787100575186,0.27545352255004074,0.94293865433035762,-0.043142628874688504,0.18201858327711912
0.81589872224223292,-0.67224589383672362,0.064206235318801055,0.27604271984531703,0.94267755986318613,-0.042837360923709406,0.18254970681948746
0.81577501417341192,-0.67291034888471823,0.062686899788372275,0.27614786517808654,0.94249040669907935,-0.04302543270501176,0.18331121618257848
0.81611208536549329,-0.67429493940869467,0.062880595903975767,0.27756466262286145,0.94173951499514941,-0.042830939421579478,0.18506770271450126
0.81618851113303381,-0.67454947766242879,0.06145779610172443,0.27733021563958998,0.94168304092791466,-0.043189201016333646,0.18562245240709707
0.81622769773791526,-0.67625488484308716,0.061213436960308287,0.27818579694100931,0.94108869415981955,-0.0433327774955704,0.18731524897717416
0.81649754015763698,-0.677326633489024,0.060425557594000326,0.2788879562597904,0.94056036433492196,-0.043434174698764053,0.18889463031974635
0.81645758161579585,-0.67852236817840439,0.059461722880335591,0.27988169488232528,0.94001354653287028,-0.043477795900677789,0.19013271803693199
0.81700541115346703,-0.67922069941830132,0.059020024262832343,0.28075593957308964,0.93941794559917202,-0.043385076835709968,0.19180135815114133
0.81750193939471083,-0.67942171678937624,0.058183294930952881,0.28022388234665913,0.9392677727241433,-0.043492633891559045,0.19328480975381329
0.81797086785470652,-0.68066789973327435,0.058018954159397243,0.28078722206244544,0.93869773193293826,-0.043625460149599081,0.19519713936722644
0.81798295816063327,-0.68217189387735022,0.05720269503739292,0.28170816990540776,0.93806223251828413,-0.043862263663807341,0.19686507246752868
0.81834336088188031,-0.683040927157052,0.056565095048678529,0.28198744451194174,0.93760820484945007,-0.044080995996413241,0.19857190417725409
0.81860757980563315,-0.6834444433136645,0.055687829306274195,0.28193111020894801,0.93735271522566754,-0.044036599197368582,0.19986373929892653
0.81944880788537788,-0.68404782212085513,0.055751806442148763,0.28195887452846824,0.93693401603697746,-0.044331125435018992,0.20171413927914228
0.81986315563893908,-0.68472357458348709,0.05567713339173487,0.28252676401575233,0.93643454394826664,-0.044124996153855511,0.20327802938244874
0.82054661730876077,-0.68606340214515715,0.055946892482406918,0.28326188801729568,0.93573393336626076,-0.044690698155696124,0.20534714568783205
0.82075470880103674,-0.68664675503893624,0.054946548684315741,0.28378095703122569,0.93534432486809216,-0.044936762258846671,0.20634933913435838
0.82106881892111416,-0.68712964569701229,0.054694774711598809,0.28311149728988672,0.93529632553144004,-0.045493510817249526,0.20736201200602319
0.82104998897801207,-0.68785466178701904,0.054197036048889743,0.28339987309293879,0.93505371874458831,-0.045802879801407133,0.20799315179765057
0.82192504140082556,-0.68789561663783982,0.054238581962295362,0.28309038073228732,0.93485024538907391,-0.046427203771529688,0.20918740349933573
0.82159254994372832,-0.6893138534885026,0.053872109936538598,0.28358659909983813,0.93456414934534149,-0.047130408163589675,0.20963591342071972
0.8221411539951986,-0.68982262659301063,0.054420060139309195,0.28325319493949225,0.93444961493980705,-0.04778012759877822,0.21044857828472305
0.82119867858485673,-0.69066421565129399,0.052979042907861082,0.28384824729489788,0.93445112618370063,-0.048540311378960518,0.20946384760349906
0.82106985747366623,-0.69191314388530367,0.053105929877987818,0.28414912334785575,0.93421361202437558,-0.049743019956577608,0.20983287343649051
0.82136549690534166,-0.69209416932865797,0.052909933198356351,0.28412278189718093,0.93412654742704859,-0.050093067726002902,0.21017260231730311
0.82173456987942572,-0.69238464142219402,0.053219755377144448,0.28416944413008138,0.93395827673303289,-0.050406906796054231,0.21078142254932739
0.82185505681282589,-0.69238220247145588,0.052595609833491888,0.2838465497827472,0.93408042863332241,-0.051081425582533424,0.21051265278143108
0.82143133623324893,-0.69293780428883989,0.051819753662998097,0.2842082889662183,0.93401001933660233,-0.051457231638419747,0.21024529857726793
0.8218554214624062,-0.69317439905370426,0.051827601000958762,0.28388891257235871,0.93394877963659595,-0.05207720252585836,0.21079546321227569
0.82168793698209297,-0.69301908738703577,0.050972356833992663,0.28419357994876926,0.93393886798105397,-0.051851153641687527,0.21048434111875433
0.82101936056476776,-0.69399529149619343,0.050166389986118859,0.28447645579313391,0.9339126158708837,-0.052688960533861316,0.21001010798159631
0.82166034136616428,-0.69342643171732787,0.049917313240273362,0.28430026693797783,0.93388021059628312,-0.052319130186351689,0.210484724130233
0.8209918046823057,-0.6949373630803416,0.049715531148463207,0.28463099975323936,0.93374672094762645,-0.053509992296402922,0.21033053944557337
0.82125566146354079,-0.69430959681031179,0.048919555910566404,0.28437642579273814,0.93384787230582011,-0.0534671992322742,0.21023667246581054
0.82084214626308327,-0.6941301753879584,0.047257813953742525,0.28452665372182129,0.93394999264608936,-0.053176034676082146,0.20965281752068279
0.8208561947323384,-0.69404506748215811,0.046874192765805053,0.28492771324927302,0.93386604389257599,-0.052922982104471918,0.20954610054147829
0.82067563674714905,-0.69430128191883866,0.045919927714713718,0.28521080398509085,0.93377833341497862,-0.052868068042958807,0.20956571455352235
0.82033068720697744,-0.6944069910286309,0.044841075972775965,0.28532876924254746,0.93383097922453528,-0.053013049899638745,0.20913347944176078
0.82027577256469864,-0.69472111657715452,0.044492872548886564,0.28570767147543247,0.9336973817119153,-0.053059374271012705,0.20920092888505368
0.82051879803086147,-0.6932441624873058,0.043152855387403086,0.28460678282708518,0.93420591135963882,-0.052714471623434428,0.20851733460550803
0.82056326748495256,-0.6938094793865367,0.043030682677977605,0.28533588560656958,0.93388916390347854,-0.052531899849054334,0.20898531390273731
0.82009983368793038,-0.69397430163059859,0.041966398430731022,0.28576281953303723,0.93389044890009221,-0.052382248601509245,0.20843305989492852
0.81983092158206405,-0.69404700559026966,0.041051638512932573,0.28588069053088228,0.93392884566300649,-0.052598184278962387,0.20804464191780281
0.82010938952551993,-0.69326748707148456,0.039861833756226941,0.28577250889541106,0.93403147637594996,-0.05223158376136873,0.20782477223941495
0.81939217223103089,-0.69320492031107761,0.038186926187819437,0.28583778977472746,0.93422266672670518,-0.052083189924749966,0.2069108702751136
0.81935389881605769,-0.6930248259847559,0.036892692750682549,0.28533703392429816,0.93441879105640147,-0.052226206371514226,0.20668024424220457
0.81986888385801193,-0.69248890985306744,0.036602105995322667,0.28497682377358996,0.93446689444655806,-0.052202412594380923,0.20696555562375057
0.81936281844582637,-0.69217019896373544,0.034941438312214426,0.28525204128720272,0.93459693085547557,-0.051866053393155899,0.20608193099451472
0.8192364831437704,-0.69243975918026412,0.034511418045602135,0.28472141211136737,0.93477387488646757,-0.052494498616090235,0.20585394805563739
0.81872346222463466,-0.6930295044633441,0.033398796282730084,0.28484077807446662,0.9347966925245943,-0.052825486607936796,0.20550022568271448
0.81867398120937052,-0.69296906187645613,0.032633524001281278,0.28479631774410197,0.93485972474767565,-0.052943232205105412,0.20524465061915056
0.81847345851849818,-0.69255696580888393,0.031206213340206027,0.28411207007174094,0.9351936504031868,-0.053301678814037877,0.20457785540159923
0.81893970775605118,-0.69172855262767285,0.030460035535904859,0.28294847218412483,0.93553315218791178,-0.053377074262936933,0.20461859932359086
0.81819910304244203,-0.69283144048808221,0.029316039045316558,0.28329152528461837,0.93544734166144616,-0.054043541343815185,0.20436114679524445
0.81803489089116377,-0.6924607342856367,0.028134053815592946,0.28280680329964164,0.9356958288036914,-0.053870911789880155,0.20394007166257927
0.8174350351585834,-0.69321482123560452,0.027436295651937323,0.28224306813708,0.93592191334313368,-0.054977860214545468,0.20338745659190849
0.81734771519860705,-0.69271486403142912,0.026112764881247461,0.28134530483167336,0.93627007081575286,-0.055256630976794917,0.20295289768055133
0.81764972990590623,-0.69255077167795898,0.025487784783629355,0.28082361062894723,0.93639386109042277,-0.055800473454204497,0.20295552169817505
0.81781492051389204,-0.69195066729366561,0.024692989256189846,0.27946617917928368,0.9368235867507243,-0.056063318727722904,0.20277358382115407
0.81762451375237655,-0.69246756573241719,0.023984872950144814,0.27925609819859587,0.93685581333869861,-0.056927944265289042,0.2026731994964065
0.81741957837928814,-0.69216634402947097,0.02294804976928945,0.27857824847511936,0.93716961145002209,-0.057145363544564391,0.202093261333744
0.81691470369804098,-0.69307090047046571,0.021786453571823156,0.27799809714106016,0.937334727299033,-0.058469832269866247,0.20174723219794374
0.81705700148495097,-0.69276261896940816,0.0211103681753705,0.2774763963415825,0.93750749623701801,-0.058861662896753757,0.20154862592862263
0.81666553216206039,-0.69371956965297221,0.020224650896663046,0.27696218287069874,0.9375768879528793,-0.059828757931862417,0.20164832793857329
0.81714822576017598,-0.69348059977140031,0.020132044819900663,0.2758430731591105,0.93780519119829708,-0.060590702379344094,0.20189301408627569
0.81660641590664951,-0.69429485843648853,0.01921178058915507,0.27530456779651313,0.93798756172745323,-0.061541886822424452,0.20149274220501942
0.81666877123129866,-0.69508608372774072,0.0191521561549442,0.27476152119253378,0.9379805613544675,-0.062764233263215091,0.20188913793466881
0.81640828204579707,-0.69514617476209062,0.017735307442930309,0.27403973862669878,0.93825533949255202,-0.063730993905567884,0.20128959233635338
0.81700537546794216,-0.69473685877190461,0.017566780731305284,0.27271401802603829,0.93850193778321567,-0.064304460047428957,0.20175756136326473
0.8170022598869271,-0.695779292946195,0.017629755877619141,0.2722495014849593,0.938454622615155,-0.065882062111990283,0.20209573010162846
0.81646978347970944,-0.69551746436445483,0.015829792162751419,0.27223630818307853,0.93863985452082199,-0.065628232885588042,0.20133442591939699
0.81666660534895552,-0.69556841940506087,0.015096751900561339,0.27107619293646357,0.93887223904780925,-0.066808987810779832,0.20142784195866734
0.81656179694355291,-0.6963774022617103,0.014918957990532944,0.27106839513343811,0.93878412000734857,-0.067681654806288225,0.20155767111299194
0.81652175902943713,-0.69666861986163586,0.014405445082475599,0.2700018055764033,0.93902767792467756,-0.068919735325846082,0.20143513883998893
0.81683507720700121,-0.69702399955716043,0.014331659850137665,0.2701739703681274,0.93884073683342983,-0.069455086310485456,0.20189127663965095
0.81651986120682774,-0.69810614342986643,0.013573876673205823,0.27043215636999507,0.93866030879470996,-0.070170968281633259,0.20213685637436976
0.81642894673842692,-0.69814851866707506,0.012956969126951864,0.26957492777953684,0.93890412230047338,-0.071242950161714655,0.20177425378895827
0.81657848624325369,-0.69886092647217335,0.012810511055490151,0.26957959553314481,0.93872035169397461,-0.072291494544339488,0.20224955575791123
0.81676475236041624,-0.69857630148396876,0.012162795984340655,0.26886549531606668,0.93890095601814449,-0.07273691286459795,0.20220208140271081
0.81672888870088223,-0.69909964046277862,0.011585151587083398,0.26868520761726555,0.93883740738374077,-0.073795518853348702,0.20235316429897554
0.81717866289606,-0.6985211801330693,0.010943964537659237,0.26856180743452779,0.93885452823308657,-0.073936946214217328,0.20238591450059962
0.81691848290510483,-0.69996540588845391,0.011080462291590445,0.26917184590840348,0.93851434780625875,-0.074772979992566865,0.20284560087684128
0.81703198783706954,-0.69948650743850282,0.01013542457077643,0.26913490195214645,0.93853360507419648,-0.075001385383098765,0.20272116043535449
0.81726133922788158,-0.69979009218068222,0.0098442834099786436,0.26884677198765827,0.93848543826463715,-0.075813482366833398,0.20302416419840824
0.81718062259329693,-0.69996369931627711,0.0092427897018992483,0.26870919366618679,0.93849754562303311,-0.076482286041354916,0.20289944805420057
0.81698636861020335,-0.70024672799365051,0.0085558053720861255,0.26863492339498019,0.9385247418277638,-0.077037075552054871,0.20266197447989504
0.81716943276088849,-0.70054116329987992,0.008699311534254961,0.26900959911970801,0.93832783312643775,-0.077451853853194794,0.2029185144248831
0.81758609936842852,-0.70018351639714593,0.0081137605813023095,0.26889001886602376,0.9382652195995933,-0.077580846714655122,0.20331686518091388
0.81743877706515533,-0.70096221831936312,0.0079552629737436598,0.26959000487191198,0.93799936494933878,-0.077816385101265664,0.20352648682068727
0.81716397420742204,-0.70094814884991785,0.0070591409773072822,0.26931317604138205,0.93812821353670839,-0.077906850001098468,0.20326433750127978
0.81753092554769813,-0.70043830069625823,0.0068073235578192531,0.26879658321736233,0.93823166181903339,-0.078464438457177085,0.20325618688877994
0.8170523712105624,-0.70105460334109559,0.0062232382225881899,0.26923237216170515,0.93815234419713489,-0.078550045895029091,0.20301231279774828
0.8172320507870402,-0.70076079147854831,0.0057783090757715094,0.2690213980601398,0.93819739432719107,-0.07886722727485089,0.20296082657846609
0.81666248884846326,-0.70096306134964037,0.0047544832783086438,0.27031570304277347,0.93795017127394409,-0.078458166139323507,0.20254187977236854
0.81736737832830486,-0.70026685061411231,0.0049536114243588225,0.26954951315463926,0.93808287968599846,-0.078215650206233334,0.20304157914313448
0.81730447251654248,-0.70007309681281826,0.0042953653734620484,0.26944622526618445,0.93814052856347718,-0.078162798709360728,0.20293264216080292
0.81682715113020288,-0.70080383164549231,0.0040311527647735601,0.26892228242236665,0.93828052399198547,-0.07898480439598185,0.20266194755947306
0.8170295660589254,-0.69948402291553291,0.0031619785874864442,0.2689977486424186,0.93842450370021846,-0.078358035901058262,0.20213777551471551
0.81678918698046798,-0.69932042263728378,0.0023702909404585415,0.26963329980415485,0.93835562358481373,-0.077915057632239867,0.20178169173055094
0.81654055854756891,-0.69974488807547353,0.0020824241652246528,0.26928120515012932,0.93841098768481601,-0.078291213455726982,0.20184879648125764
0.81682460933521717,-0.6987138072332002,0.0016171556259231695,0.26882848200392273,0.93860153784925737,-0.077938002545587359,0.20170292057796263
0.81683826396075621,-0.69838303432962312,0.0012392060564182933,0.26889702500281637,0.938656348299162,-0.07762427003860152,0.20147734970286715
0.81705755834436544,-0.69794212015208879,0.0010426323591189723,0.26916217490136296,0.93856975840216061,-0.077383174553772138,0.20161938525662279
0.81657471952345051,-0.69833872989330659,0.00045308601637561452,0.26879493433006274,0.93872282884914859,-0.077463845001247866,0.20136555463527581
0.81607556874459064,-0.69882328000635707,0.00021637057403327276,0.26941451037385711,0.93862318948849666,-0.077506848289756389,0.20098511940600333
0.8165975691981423,-0.69715681254106998,-0.00033274897864783715,0.26864484940038286,0.93894800072497486,-0.076746370392467317,0.20078991871306831
0.81657857264718359,-0.69778689524072302,-0.00022357960606102234,0.26865787615307313,0.93881947889119632,-0.077394342113381948,0.20112445759832279
0.81620274529600934,-0.69750839204499737,-0.001191473091416137,0.26895696592922269,0.93885773409707118,-0.076919929635714993,0.2007277510188788
0.81588766626821696,-0.69761504680758613,-0.0017722988200184198,0.26912955427817997,0.93885481959731631,-0.076809071219056474,0.20055243033028741
0.8158724200178642,-0.6976048956471268,-0.0021725662079761371,0.26900605341221567,0.93885962125833133,-0.076778145592173067,0.20070742676262418
0.814936981783835,-0.69748365450018879,-0.0039767718082510117,0.269800969399422,0.93885102705811108,-0.076228864571696267,0.19988833409974846
0.81573396365046724,-0.69727143027108796,-0.0031749180094658019,0.26868416774225279,0.93894743829404337,-0.076915648539116088,0.20067513332626399
0.8157915877537929,-0.69638247556706856,-0.0041731942124598603,0.26896309255629597,0.93897397626421031,-0.075781228670037309,0.2006089033976097
0.81573295772124732,-0.69589104078595343,-0.0047716462611229332,0.26861974703426306,0.93915657150122722,-0.075634294575141509,0.2002693665876773
0.81518178833943511,-0.69700246226695939,-0.0050034502324081687,0.26963688860944618,0.93879162417443374,-0.075633379751644872,0.20061362503152524
0.81528484856094774,-0.69690614650702432,-0.0056492358160247641,0.2694777715603886,0.93873665174194587,-0.07598060044516225,0.20095317282183051
0.81483717855086857,-0.69632998395872359,-0.0067138022763408717,0.26867917385141266,0.939143196323597,-0.075660195835442784,0.20024258563992525
0.81526495293496715,-0.69613898578378042,-0.0072337867812650447,0.26875482660096006,0.93893071907563097,-0.075510990579918821,0.20119154618533591
0.81542940016513588,-0.69600367806127827,-0.0074705560311978947,0.26819511424105186,0.93900345531035156,-0.075774206789130188,0.201499779647344
0.81555979643863918,-0.69565479585595069,-0.0078539365821391344,0.26819353095950454,0.93896281841314855,-0.075685927562996275,0.20172430681015849
0.81507803025121028,-0.69652800958644545,-0.0081748870690110387,0.26902934806198836,0.93869293866562775,-0.075416205084144983,0.20196824698782709
0.81554994845138618,-0.69545785338628485,-0.009043417725306202,0.26789185427330514,0.9389395776653624,-0.075263478123354419,0.20239029810832504
0.81550716432050185,-0.69555820125708678,-0.0097509895918497375,0.26813310176435518,0.938757779313666,-0.075045398727437762,0.20299423549978099
0.81579972925481192,-0.69635334673683691,-0.0091679027247425632,0.26831908870418431,0.93845230872375129,-0.075461042420335786,0.2040043184955983
0.81534566205727255,-0.69568499645816784,-0.010882440159261236,0.26780880240264976,0.9387363280058092,-0.075031501116413421,0.20352598280820605
0.81553855859884172,-0.69573468865182542,-0.010952141251329178,0.26830039652783005,0.93849068449183459,-0.074804058708533766,0.20409430454029678
0.81532507600452941,-0.69565065231979217,-0.011690681915736717,0.26847839458764339,0.93842680509188281,-0.074618772211188539,0.20422174702606488
0.81573218688041649,-0.6958210485759263,-0.011644937111534248,0.26806944189427356,0.93830509028938347,-0.074708553266184557,0.20528264400186966
0.8162789469253211,-0.69579879417484247,-0.011396336590103182,0.26822058289193212,0.93804099304111743,-0.074576977967783925,0.20633731762514332
0.81551252965613708,-0.69588469510382789,-0.012626444576979201,0.26750510422305412,0.93836590510995488,-0.074898889909264507,0.20567110548676568
0.8161094317197316,-0.69629770920824652,-0.01209782533949752,0.26798269853562445,0.9379081163786771,-0.074385414038175057,0.20731726579071036
0.81680750958897186,-0.69601450878262616,-0.011637496630244729,0.26774457172273747,0.93777303207152862,-0.074696596683628214,0.20812256743626642
0.81678939696342179,-0.69538116151523344,-0.012560630523065525,0.26732402387428073,0.93792614601398894,-0.074514977447610556,0.20803828738717978
0.81666884768834924,-0.69587428189038081,-0.012745833265753584,0.26752516426452128,0.93775834842834105,-0.074404766995365579,0.20857491960098271
0.81728419628542481,-0.69514507627717781,-0.012610730135339115,0.26707633461119512,0.93780760858618117,-0.074041493896703475,0.20905735564686947
0.81710082289614572,-0.69634951579227133,-0.012578196019810681,0.26768576974446301,0.93739259126293772,-0.074630262101926845,0.20992804124334405
0.81705110790815683,-0.6960250179571621,-0.012879877135267087,0.26769662513529013,0.93742519432088323,-0.074103499902767767,0.20995521723879848
0.8170160317652172,-0.69638077844693813,-0.012928193131262505,0.26764460864403444,0.93737091358279578,-0.07440253436937426,0.2101580279507558
0.81777045671936177,-0.69619049670756172,-0.012491554232953353,0.26735977894862928,0.93720690829189168,-0.074489438305995609,0.21121856743987089
0.81794796094967948,-0.69574528308004258,-0.012404160610069492,0.26733971331924433,0.93722991439698966,-0.073845214160263184,0.21136804296634029
0.81816690190083197,-0.69562808746818394,-0.012379713080957283,0.26707897561959604,0.93722178476808049,-0.073982251188816336,0.21168555323204302
0.81811483096756654,-0.69536745784259901,-0.012731704603859043,0.26705714471067327,0.93727461971317005,-0.074001686810513848,0.21147226543855319
0.81818255343678925,-0.69569806380982213,-0.012509303531405572,0.26733109956688011,0.93711473063739748,-0.073947639037935733,0.21185327825520234
0.81780452115505087,-0.6957044916757289,-0.013063415191768429,0.26701130277202623,0.93729419196361186,-0.074180603985918095,0.21138069896646125
0.81807825224188313,-0.69583012673938083,-0.012565609585232729,0.26711963237775194,0.93717817517649327,-0.074161614770387588,0.21176455054111795
0.81833429452148831,-0.69524803490628051,-0.012656179944649126,0.26723408793036935,0.93719729796859363,-0.073624327398876824,0.21172299200477482
0.81817118995405425,-0.69546222407503022,-0.01275670347976017,0.26701371727227624,0.93724662888070231,-0.073780789144687831,0.21172819036063018
0.81770189391072989,-0.69572289486872962,-0.013069372366035073,0.26746657116780725,0.93722402449262732,-0.073733616356525131,0.21127260835368217
0.81763028908524871,-0.6955214675506074,-0.01341230436736289,0.26733521518937353,0.93729831742675518,-0.073908729511197452,0.21104797220221261
0.81746232968840993,-0.69581024670766722,-0.013420385929215031,0.26733553748824085,0.93729931646380937,-0.073987754989109672,0.21101543513217377
0.81768613140287305,-0.69439296170433606,-0.014182430356087544,0.26699529345725215,0.9375608214581872,-0.073099759456248886,0.21059355285896991
0.81812906885355652,-0.69412322237337087,-0.013891348450547972,0.26680868326771928,0.93753728143782722,-0.073181925614455384,0.21090608860456095
0.81779031677484071,-0.69483022478356693,-0.014028348512589731,0.26713190642794021,0.9374027327766582,-0.073420595137881808,0.21101203131723748
0.81716323967532678,-0.69455797322590518,-0.015058853574911851,0.26675939212524435,0.93772029781685662,-0.07349767225942283,0.21004323828127083
0.81768319709474246,-0.69385050025992834,-0.014828826182892857,0.26675393571895128,0.93771821170080394,-0.073112494149458071,0.21019385438766136
0.81703524435408659,-0.69411029195967333,-0.015823008438728831,0.26705581999070233,0.93773031912632032,-0.073234415846469253,0.20971351395646839
0.81716739985190656,-0.69360824630781204,-0.015961013204539284,0.26653895181251686,0.93792299956622427,-0.073041437227037334,0.20957667451124048
0.81667261578630157,-0.69370949601606047,-0.016480762107393992,0.26700089461710846,0.93795643742586199,-0.072948665631125079,0.20887014135028317
0.81641260536902638,-0.69354100731370294,-0.017107235326931966,0.26647465264238551,0.93815631327947535,-0.072987955058777157,0.20863065395411348
0.81583675355786622,-0.69351589634780697,-0.018186279245955075,0.26668956714624598,0.93824262103517664,-0.073050962916798134,0.20794474185542378
0.81609616160252918,-0.69305954370783363,-0.018343114489911133,0.26720114978131504,0.93809962992323903,-0.072358482962520079,0.20817511819808851
0.81606302919879048,-0.69361852500238796,-0.018107391984584761,0.26712200536096198,0.93803230689583517,-0.073001766600286289,0.20835538760697661
0.81578610527098017,-0.69327461784904187,-0.018816888050439878,0.26676762975103951,0.9382267424863856,-0.073095772192883227,0.2079005038183509
0.81595080555377686,-0.69310147280675316,-0.018858734829505397,0.26609802824818701,0.9383596704855377,-0.073677852339875075,0.20795322128614405
0.8151736061078757,-0.6937220974098337,-0.019731681731640943,0.2657933388857236,0.93853647251840755,-0.07465604838979821,0.20719475185318675
0.81480013915432614,-0.69383925355645515,-0.019968104179258817,0.26593261455472023,0.93858940392310175,-0.075093922502113553,0.20661722620007725
0.81488569178183012,-0.69365936530008288,-0.020116171696829305,0.26609772424864381,0.93853843921616131,-0.075137260090991365,0.20662040414587232
0.81423888344582651,-0.69483591428223013,-0.020011754324275363,0.26543526593952721,0.9387126750542778,-0.076274834191889615,0.20626386730848947
0.81387840266655598,-0.69465534646600469,-0.020450061413704215,0.26544253570116449,0.93885020965327315,-0.076150712413596763,0.2056735594903803
0.81381922860569922,-0.69462892390389763,-0.020707800841328061,0.26531665009108391,0.93887828816445684,-0.076231767582544588,0.20567778880828502
0.81370853377116115,-0.6948432339767755,-0.020718138886017548,0.26506577390267422,0.93890903743311471,-0.07684345966372487,0.20563326004979887
0.81399122594029094,-0.69473569451305084,-0.020314874887488538,0.26509780624444151,0.93886955432825436,-0.07680482261656757,0.2057866183761409
0.81318917362599175,-0.69495604500367192,-0.021061077681853571,0.2650583636883348,0.93906470909480322,-0.077223844596911395,0.20478772862949415
0.81333927704000342,-0.69514376402874223,-0.020804992182289136,0.26527135159714704,0.93895140795743937,-0.077112790910035547,0.20507311133990772
0.8132241177660916,-0.69491156284791311,-0.020987075778062303,0.26550037955180905,0.93897460552287071,-0.076838033182624665,0.20477342429534395
0.81313079300405755,-0.69539911164386581,-0.020655721542064048,0.26581493222897384,0.93885231101301536,-0.076698457127175934,0.20497830759360214
0.81283363155698307,-0.6960688526126837,-0.020662633134841277,0.26540282226701722,0.9389176832029632,-0.077647418066619386,0.20485557002207669
0.81314647216525937,-0.69630966434066488,-0.02009607064508652,0.26599090911559853,0.93863707167385269,-0.077299427105719978,0.20550932464615748
0.81266152718776419,-0.69663305223744443,-0.020081909554181696,0.26576994696385159,0.93879979105403943,-0.077746992538403156,0.20488214358249235
0.81263002147954655,-0.69665487802727,-0.020294085513447968,0.26595826608150214,0.93874511268559824,-0.077500253723036233,0.2049817669566969
0.81338862444038884,-0.69595541967711572,-0.019747849265382644,0.26613999972409158,0.93862725752305909,-0.076883820042364631,0.20551703140444311
0.81320124123577009,-0.69630190199132813,-0.019746547408794654,0.26621008786219141,0.93859825666272079,-0.077076396462133337,0.20548657089580769
0.81299013585054791,-0.69667369151463343,-0.019644149066030264,0.26626313349585123,0.93857960452747569,-0.077282226956904176,0.20542572161878786
0.81369467085926461,-0.6964932232441835,-0.018922990378099691,0.2665756881884781,0.93833696442968761,-0.076938475817215649,0.20625618679361471
0.81300157858349165,-0.69692191607386289,-0.019469443430846459,0.26667180076790076,0.93843582814595605,-0.077071075953418972,0.20563170081142976
0.81348707476765336,-0.69720643455983655,-0.018673970678570517,0.26673027053882098,0.93823263682780977,-0.077031747167203207,0.20649598518564696
0.8140331380824567,-0.69710224351268013,-0.018069620436657038,0.26642234698699646,0.93818957403378145,-0.077345532775131717,0.20697131385770215
0.81376037807947543,-0.6968824521396022,-0.018326770973825138,0.26625011082681638,0.93834420067231827,-0.077139271460067355,0.20656856573047744
0.81388631804317946,-0.69714825127499225,-0.018181460237302466,0.26654394459835146,0.9381533844995521,-0.077199521946685973,0.20703329819425162
0.81379139218121377,-0.69690991950139936,-0.018586767659775655,0.26644244670359718,0.93822202287729328,-0.077046079474402868,0.20691002880543222
0.81412779214609998,-0.69706134044108259,-0.01783332146198166,0.26685704528636423,0.93802834055355711,-0.076906022647833347,0.20730560383130661
0.8140028478372594,-0.69704951744784382,-0.018164480174709285,0.26673938823756732,0.93807679969035473,-0.076890379171199202,0.20724354329208891
0.81475404115919325,-0.69711450508499684,-0.017331383800704495,0.26700968930721786,0.93777778190254846,-0.076684576958327769,0.20832218615097522
0.8148225828628749,-0.69630942409121865,-0.017709843100065195,0.26585806092027808,0.93820213681904296,-0.077107261343602782,0.20772749495428072
0.81497019675701032,-0.69660357033815257,-0.017240665365904129,0.26672693731641445,0.93789317115662907,-0.076735910932234336,0.2081459593193396
0.81496077373026099,-0.69680357341405219,-0.017057278644663762,0.26671757964914117,0.93785862925846752,-0.076654703298263974,0.20834342008757467
0.81525053497616073,-0.69694189311324295,-0.016266910987662059,0.26714625462936525,0.93767025657928826,-0.076197956461861796,0.2088090994067795
0.81538919928027775,-0.69693381856369852,-0.016397387279849657,0.26668944747636547,0.93771492411301383,-0.07653568239567636,0.20906876624858131
0.81547824198303653,-0.69706457936880384,-0.016257595870439165,0.26641718181428775,0.93776379243081875,-0.077106650054558662,0.20898688800320711
0.81557476602439216,-0.69736782549256304,-0.015614902154962085,0.26649156091931525,0.93765750174319962,-0.077092504589110156,0.20937383580492244
0.81565480608868268,-0.69757821010059773,-0.015219342734829014,0.26581272377654486,0.93777170432397827,-0.077936245880485436,0.20941291274859819
0.81595374542743626,-0.69712032922919354,-0.015184269122448538,0.26523231390028257,0.93791321928442239,-0.078170117441244094,0.20942790046661691
0.81612271802144964,-0.69750422644823218,-0.014861365371745733,0.26526850526829893,0.93777546568736958,-0.078485164441160882,0.2098806209019872
0.81642854372469165,-0.69751657876690354,-0.014484724510978916,0.26472356294490407,0.93781057226753128,-0.078987680361827128,0.21022300567744431
0.81663472726434083,-0.69690908027949594,-0.014523544816250761,0.26432725720190542,0.93797581914468153,-0.078832775554780618,0.21004251307368962
0.8161145023749502,-0.69751104473353909,-0.014962493028274168,0.26439422230838472,0.93796700102767727,-0.079317054217404259,0.2098151689067384
0.8162884899215056,-0.69831218602194789,-0.014084982312834796,0.26436819394997008,0.93781042990797769,-0.07974473034080394,0.2103849651622417
0.81618580535069585,-0.69771137937606842,-0.014622049069867693,0.2647077436449719,0.93784345135018932,-0.079101622996802956,0.21005333716278982
0.81667456594816701,-0.69730289301671378,-0.01422638144163875,0.26472838002709437,0.93782478726429697,-0.078818688751344818,0.21021695341818974
0.81622659520139529,-0.69834068444775887,-0.013919544604149583,0.26498083680284829,0.93768216705686813,-0.079368315507304332,0.21032826772531313
0.81662892810417553,-0.69749368280942692,-0.013904315564716913,0.2645385964347543,0.93786562474516477,-0.078887555271509521,0.21024784075223416
0.81661920365884089,-0.69724469940055711,-0.014079904933017334,0.26449010948148527,0.9379076226891031,-0.079017697555470612,0.21007255118453536
0.81613435001600609,-0.69803833646133384,-0.014039698941082812,0.26469123037902714,0.93785027530226261,-0.079436288799499766,0.20991734015480867
0.81622924595556923,-0.69821348953946383,-0.013800236078998218,0.2650213417410997,0.93771626205576797,-0.079207478285725164,0.21018581227457292
0.81591744045383652,-0.69854990934378547,-0.014130494281366868,0.2653327999777676,0.93763410170231354,-0.079304931616779539,0.21012264133622438
0.81651034576779624,-0.69810289103345735,-0.013394935656763682,0.26487349533388593,0.93772685730412619,-0.079207540500356499,0.21032483944608502
0.81607645802205331,-0.69806805317024867,-0.014083614240686437,0.26495494000028741,0.93782664934978943,-0.07934588424401913,0.20972430996984084
0.81605889896277051,-0.69806549727242739,-0.014241318645505666,0.26471340267619897,0.9378841598637383,-0.079199289652643751,0.20982752354921191
0.81593799512899901,-0.69813016837670305,-0.014166645308875611,0.26461165600418945,0.93794986962223026,-0.079366970336666204,0.20959865839728237
0.81560569522186499,-0.69847244348841819,-0.014274644004926548,0.26525477464449848,0.93782361104104361,-0.079342159433925794,0.20935997907574261
0.81568364931043214,-0.69849182311838554,-0.014238652118441428,0.26504952344824878,0.93783984019791078,-0.07938310776640721,0.20953163593777588
0.81606363610728039,-0.69848285227733975,-0.013687258660711341,0.26501062508167161,0.93776439191605676,-0.079231027923195377,0.20997561301818787
0.81527137732377308,-0.69897440329646587,-0.014384009935297898,0.26521392841431335,0.93782274468177274,-0.079535237743484144,0.20934234566776427
0.81515288604631631,-0.69888229882215458,-0.014761783361682879,0.26531266997812608,0.93785373212446699,-0.079081846278251627,0.20925015144202311
0.81504428549787888,-0.69853241646764908,-0.01508317784412222,0.26497532621856718,0.93803232139513859,-0.079404618305026306,0.20875427445981706
0.81506059603610648,-0.6987830039574906,-0.014594638802214552,0.26553858046635415,0.93785200504812927,-0.079373857657378658,0.2088604070466771
0.8149838017900668,-0.69799673690301833,-0.015230306772130414,0.26495951803528134,0.93820563479377705,-0.078860473824025737,0.20820102380143954
0.8145460113780274,-0.69806727972281202,-0.015706441296466311,0.26551767028257867,0.93816167615987944,-0.078778765025082909,0.20771842078573691
0.81443744951548736,-0.69827389583459742,-0.015667635700789176,0.2655269859488662,0.93817553232588258,-0.078915345280578572,0.20759204839589823
0.81409818718282856,-0.69901961784929445,-0.015514679824646369,0.26560792828601987,0.93815318597382047,-0.07947896413632656,0.20737435313605065
0.81429066741959732,-0.69740707335636498,-0.016191176827108425,0.2655348969191762,0.93841006205283461,-0.078158774609242782,0.20680662442895623
0.81393091297198161,-0.69765747551611634,-0.016388460039614861,0.26497984583019701,0.9386227378937182,-0.079105535455415238,0.2061925107103012
0.81398191216626437,-0.69741619170328295,-0.016183585849207816,0.26468647018744901,0.93878382635494062,-0.079180110268261175,0.20580697270012871
0.81344864233975045,-0.69662215151328155,-0.017087886042566086,0.26432466349563538,0.93920483329425675,-0.07900005874374981,0.20441561609405157
0.81296213791096228,-0.69685994729055611,-0.017432398499732479,0.26488525459204415,0.93918285778221888,-0.078669252395273406,0.20391790082114272
0.81242632109225255,-0.69681007012093144,-0.017929101823111429,0.26532234993555848,0.93926696127643983,-0.078686685992614164,0.2029532742448264
0.81213362344270479,-0.6961945578757025,-0.018483432823968221,0.26471558881710477,0.9396513685729152,-0.078492921208625249,0.20203916426375815
0.8121239498683166,-0.69566937819342112,-0.018608467342622628,0.26493823749277756,0.93973979981808109,-0.077987105531956119,0.20153126388439385
0.81153977432459101,-0.69593767324940425,-0.018902237941874067,0.26496563076779878,0.93988096124078147,-0.078271393532159284,0.20072514083557497
0.81140500948354988,-0.69576540416565602,-0.019073977793596986,0.2649036383222575,0.9399746818617648,-0.078191472246066318,0.20039898585196864
0.81107362173595865,-0.69531665322437219,-0.020081938806887759,0.26463635447064499,0.94017445434694746,-0.077926063164429876,0.19991779301903156
0.81055691559655207,-0.69523829486048494,-0.020466861226922053,0.26525801474133182,0.94019179836674183,-0.077687086953671491,0.19910370267790628
0.81104364667221485,-0.69413905021367639,-0.020480661817002477,0.26438364085722271,0.94047039070192839,-0.077200146909663592,0.19914033237184228
0.81034678889184497,-0.69533137642617748,-0.020743799076212807,0.26511420637068855,0.94023790694945863,-0.077622271919030802,0.19910278455578995
0.81029011035390841,-0.69517854154756553,-0.020880586816372712,0.26502747749399108,0.94029831449564327,-0.077543016340848897,0.19896380712729536
0.8097184493510251,-0.69490109131690592,-0.021899270088348563,0.26491096176507994,0.94052291263967736,-0.077293553123529507,0.19815281926336176
0.80943722753321579,-0.694775566247819,-0.022391159277201575,0.26480113519050796,0.94063347286765042,-0.07731217383810747,0.1977671770016145
0.80934030178803751,-0.69453614190694835,-0.022794459494109118,0.26451753239605874,0.94075178755692679,-0.077195968298472611,0.19762927855459161
0.80961012064300342,-0.69390496627952802,-0.022944668471897384,0.26430427958477415,0.94081789569620178,-0.077025304602777067,0.19766648016746294
0.80918599249507983,-0.694143420716125,-0.023333889099573735,0.26450793215519436,0.94082863430347941,-0.076924408221546586,0.19738204103058127
0.80912392958973467,-0.69413691776653486,-0.023284609041215265,0.26504360900745161,0.94074160060905365,-0.07665403949257707,0.19718337769013808
0.80845730087106205,-0.69423033511846777,-0.024108922559408649,0.26503677572298157,0.94089470931649022,-0.076787740829735676,0.19640849358637469
0.80827916123264965,-0.69420214888082554,-0.024455727468863139,0.26521580761528146,0.94087166417988111,-0.076613543996913627,0.19634523628188186
0.80822940351574413,-0.69357008349042515,-0.025150642594556377,0.26421812764761088,0.9412314004103367,-0.076498379008306541,0.1960107902975978
0.80798553024534281,-0.69376193902792405,-0.025285026485319856,0.26474324094721619,0.9411099716570589,-0.076496881547163331,0.19588584618081417
0.80830132536089327,-0.69302296410918784,-0.025212586215488109,0.26463211446207863,0.94118797170008583,-0.075893977869779861,0.19589576321480107
0.80810137137846005,-0.69342589296690738,-0.025286975668628156,0.26405311553121663,0.94132067615444703,-0.076706095954302167,0.19572304837663446
0.8075326896513757,-0.69294771270620781,-0.02634482544285334,0.26438183948991328,0.94146036074241246,-0.075870817974769925,0.19493140095565911
0.80795606420419952,-0.69294296045639814,-0.025867564994430284,0.26461702086761618,0.94127742043943829,-0.075916237736014566,0.19547730018095105
0.80722957625099567,-0.69288093787242611,-0.026825456179504575,0.26434199194335778,0.94153971579992501,-0.07600650053353783,0.19454893148886637
0.8074334486016469,-0.69288334848086275,-0.026579983294241036,0.26453959957943529,0.94145166669945712,-0.076092517656716221,0.19467277231248584
0.80687991492960109,-0.69277052333531841,-0.027461096840421306,0.26504994077114863,0.94145529089499935,-0.075388118778913035,0.19423464080848046
0.80740713973937928,-0.69262926014783854,-0.026857322561422606,0.26468776246306047,0.94142480544215623,-0.075760077018301231,0.19473092931190453
0.80703308625402248,-0.69250341983297348,-0.027417639596512111,0.26425302789495542,0.94163339297174287,-0.075554909719778379,0.19439224806073779
0.80723748248884208,-0.69227529398121912,-0.027262069007903511,0.26419240325136845,0.94166752932037223,-0.075660785149077661,0.194268072205799
0.80737454041732326,-0.69244853616244606,-0.027093150516891873,0.26443588916872318,0.9415253027976197,-0.075703658833877238,0.19460914868156018
0.80758422401863383,-0.69217914147580395,-0.026774022020305918,0.26412756006670213,0.94160309516564433,-0.075225042911402765,0.19483694748857891
0.80781263675114268,-0.69184774948936967,-0.026601623768755356,0.26385182430723381,0.94167296155880253,-0.075185621980568842,0.19488809744623709
0.80766720545813664,-0.69253685218792316,-0.026649029108039873,0.26448828121528412,0.9414114190639471,-0.075271125904131209,0.19525559341774246
0.80721192490070603,-0.69329841705404482,-0.026796736300113991,0.26471038703569244,0.94133254759517726,-0.076024415932643669,0.19504290301235697
0.80746878811177003,-0.69263723667770527,-0.0267696740538724,0.26422956738194375,0.94149951436467405,-0.075434895626808482,0.19511785334511736
0.80739028706938332,-0.6924390336762235,-0.027106967044419963,0.26391522328151595,0.94161984139808819,-0.075651859325959053,0.19487848877244573
0.80743213398410574,-0.69416136663750405,-0.026077847612434077,0.26477904696083182,0.94107575394221432,-0.076286877845178,0.19608364006525753
0.80836086464084811,-0.69236207130834526,-0.026228553181927183,0.26412627114965159,0.94129240860502361,-0.075648845367413911,0.19617126850207023
0.80856126270216622,-0.69346377563943973,-0.025195375489878574,0.26424212899574323,0.94101771148175983,-0.07588690013941056,0.19723828819136444
0.80894466454215874,-0.6931399659157329,-0.025073650861614852,0.26438333883142412,0.94091306217675563,-0.075837924291487252,0.19756687174895529
0.80858652060297265,-0.69312956498850742,-0.025268585847396968,0.26413012782004069,0.9410744151475583,-0.075685939878159386,0.19719497771801875
0.80883043895121054,-0.69247784165762016,-0.025815469057468607,0.26361181977971165,0.94119576491337131,-0.075520477002405675,0.19737273908747405
0.80928180622673485,-0.69285325436573042,-0.025129533547463154,0.26409867166904799,0.94088188320101873,-0.075742488139538502,0.19813189792958891
0.80942435022234105,-0.69379788164369782,-0.024367858591745326,0.26386784448477529,0.94072968375654586,-0.07653141886403951,0.19885764926933236
0.80945508649459896,-0.69319015578322052,-0.025101066564392024,0.26365699360502692,0.9408429384420598,-0.075880899448008132,0.19885080841130834
0.80995262297545145,-0.69337740040914497,-0.024211539528900747,0.26375627091504683,0.94064911854105959,-0.076168660510049571,0.19952493703049029
0.81015842606906185,-0.69312930992344635,-0.024224159931322195,0.26365271957719327,0.94063250050680625,-0.075916587420444048,0.19983596824470123
0.81026532273292695,-0.69338150039715374,-0.023579890252050803,0.26381707046831482,0.94056789854713552,-0.07591156559542811,0.19992502534948633
0.81029487789630394,-0.69358284547231497,-0.023675636063434827,0.26373074582216394,0.94052578457065195,-0.076306150615032986,0.20008676528986358
0.8102540864231822,-0.69344394654189523,-0.023728766329494153,0.26379596605762323,0.94056771044428333,-0.076034310984566159,0.19990711321618007
0.81128129784633873,-0.69254378759195057,-0.022886327824755373,0.26318742182711274,0.94059217066480538,-0.076113479836728407,0.20056292694117558
0.81080734556140677,-0.69314407832360581,-0.023101409831386518,0.26330722955514269,0.94060724156533126,-0.076267249916348853,0.20027637546413521
0.81072693264293527,-0.69325097107617861,-0.023256587253221092,0.26347188930444237,0.9405574959759978,-0.076388048503113468,0.20024741285618353
0.81080799109307244,-0.69378304635449761,-0.022701480322622355,0.26398125060025096,0.94031278860931311,-0.07640086077031337,0.20072037112077146
0.81108047264556304,-0.69310961524523129,-0.02244892972716582,0.26347147560666639,0.94054168373432234,-0.076187245634882411,0.20039866841479276
0.81088187804324141,-0.69385483546278148,-0.022293920859477484,0.26371453914387621,0.94039960150724267,-0.076378967957791671,0.20067258054566112
0.8110318761512797,-0.69329131697505575,-0.022578735074624809,0.26304905058081424,0.94063329260798256,-0.076658018965564956,0.20034408889276697
0.81129061956191051,-0.69336931803054314,-0.022078416248097005,0.26292134705351766,0.94057975562202267,-0.076729688804968416,0.20073525707626122
0.8114617306332137,-0.69329544859680292,-0.021857141783207384,0.26280409874990113,0.94060225409746612,-0.076655918136955312,0.20081154220213177
0.81194811713653225,-0.69398566412752694,-0.020809215040662257,0.26320273437219766,0.9402562899565402,-0.077007731335165502,0.20177274129765896
0.81202864969999944,-0.69313442769613054,-0.021266246078205389,0.26260761508448038,0.94053988952899703,-0.076817417012347386,0.20129838833923797
0.81168883829954164,-0.69372679477723931,-0.021404644377039234,0.26298230414241358,0.94039521427581219,-0.076946760682645582,0.20143570859096505
0.81214250496080154,-0.69405050977668103,-0.020186923598438197,0.26280233171027267,0.94032905235740649,-0.077347021798976262,0.201825781205213
0.81229549673448398,-0.69365142943040681,-0.020546284774092177,0.26280179292581601,0.94032529193803738,-0.077182784224130108,0.20190686168635463
0.81239643642429404,-0.69371846975688523,-0.020519218205964099,0.26283436397737525,0.94028454627053071,-0.077132137055002437,0.202073507889479
0.81200399131514744,-0.69474851538034876,-0.019866480393892952,0.26276983364843981,0.94025696940767844,-0.07757412759887701,0.20211655234525588
0.81281902164113251,-0.69453139760905103,-0.019017861259579105,0.26279215433640779,0.94008189297360101,-0.077584467735178575,0.20289644769844981
0.81269553137551709,-0.69473261203814285,-0.019135903386873571,0.26309900337099656,0.94000185016723015,-0.077452427877274771,0.20292007668855289
0.81306012659072624,-0.69348651437227726,-0.01949720675349316,0.26207108088826531,0.94037189476034144,-0.077375733624873433,0.20256466610175256
0.81283798658280859,-0.69447170848835871,-0.019027360252155789,0.26272202682810442,0.94011183296433232,-0.07746816331665056,0.20289298118003221
0.81317565840469042,-0.69462185917591235,-0.0182755016915601,0.26331773221057564,0.93987100771076282,-0.077291174328753681,0.20330355417236884
0.81326468562253906,-0.69484780529030465,-0.018111522298595736,0.26317764116352249,0.93985025141247203,-0.07764334466174716,0.20344666411925891
0.81345123249644768,-0.69465992003996446,-0.018114771961777562,0.26242224545788584,0.94000460867280267,-0.077664423243527222,0.20370109996016841
0.8133126341858069,-0.69455340856920933,-0.018121358668033577,0.26195354647671154,0.94021257965666905,-0.078007165051387065,0.20321300830476155
0.81292121063822931,-0.69537270374519988,-0.017890126749914137,0.26201665239022104,0.94016387099241372,-0.078653271864114666,0.20310793282354064
0.81331956993122123,-0.69568814662786849,-0.017204586502705024,0.26109109044202616,0.94025690821676067,-0.079312109120069446,0.20361232376596988
0.81338871715018934,-0.69561372809583566,-0.016791562829289439,0.26061512952142485,0.94040848601836946,-0.079473409617560206,0.20345911346737183
0.81381016110113824,-0.69560757526519568,-0.016059734952056648,0.25990588345152499,0.94053090917627225,-0.080443334877917452,0.2034192972779538
0.81301261505624289,-0.69561155982342582,-0.016581303658582291,0.2594126303795431,0.94090433117144656,-0.081145781010975596,0.2020383354873487
0.81259688775030747,-0.69564356571712949,-0.016575587657123927,0.25938487261289506,0.94109996203893587,-0.081643816027906879,0.20095929093800896
0.81304064501484963,-0.69622053902793202,-0.015130435664686789,0.25890192196938311,0.9410651907144213,-0.082933734527321015,0.20121654331476185
0.81271555143626151,-0.6957775179800626,-0.015270755164297156,0.25889812849653676,0.94129580711459171,-0.082706876552751968,0.20023370131016463
0.81309745834248193,-0.69606627049436254,-0.014077696422638994,0.25831165779921461,0.94134690095561613,-0.083917287085036846,0.20024731817072225
0.81283212942388583,-0.69672346796400431,-0.013117020642320731,0.25799697766651347,0.94149381452353198,-0.085012103747958798,0.19949912016151983
0.8123512906369561,-0.6965431462387861,-0.013266161468202822,0.2580902275575977,0.94172384825394562,-0.085356808905317494,0.19814096810742721
0.81243089160090032,-0.6966756808091481,-0.011965265631357691,0.25832434088085998,0.94177360016179124,-0.085645176460458106,0.19747385825932773
0.81209679158949022,-0.69641842145463573,-0.01166686254056741,0.25827296401937144,0.94207843326115881,-0.085869188179123188,0.19598414262972244
0.8120926055790102,-0.69680133807759037,-0.010009375112340901,0.25837782838375778,0.9421878327248242,-0.08649900251493442,0.19504078606515557
0.81139995169030366,-0.69568714171497892,-0.01052820735272407,0.25780098032331211,0.94285874171362571,-0.086917013751317981,0.19235768879639678
0.81140554191721437,-0.6958691222858886,-0.0090408299736905728,0.25774062606843257,0.94303973036221456,-0.087669393768245132,0.19120646963040427
0.81068224623197171,-0.69555450759849557,-0.0087003358639555356,0.2585865427260195,0.94328513379667889,-0.087480550414983552,0.18892673071399355
0.81027619303420884,-0.69575844870467662,-0.0075197190674693298,0.25891136958042038,0.94347483884463001,-0.08827215056428539,0.1871581112424649
0.80952841304123524,-0.69516701637185818,-0.0073320965502914615,0.25897598439445663,0.9439839502917069,-0.087867840836860125,0.18467534660927257
0.8095949253555792,-0.69395377944161107,-0.006277610860314517,0.25875996965067533,0.94442070217021956,-0.088290446360548128,0.18253112748281175
0.80877986138839486,-0.69408514041902314,-0.005215109877710844,0.25899989040690391,0.94480696786141416,-0.088650247005835195,0.1799999554320422
0.80796821363785409,-0.69422689184696507,-0.00458897915702354,0.26016668862962983,0.94489382298409608,-0.088651775626204216,0.17784774413051838
0.80791690147512396,-0.69298717986727554,-0.0033181638111708239,0.25940932958742213,0.94554074017369938,-0.089131229934947084,0.17525733150159711
0.8067925753874009,-0.69222255375114283,-0.0033243347647082394,0.26007433758121279,0.94601856640275328,-0.088840422685756759,0.17180683993947718
0.80635130558697354,-0.69229798483793081,-0.0016997609773141131,0.26044044830571683,0.9462782711843204,-0.088976419444095414,0.16973922102342653
0.80586574336059569,-0.69096565911975893,-0.0011069570901810488,0.26130369219086075,0.94662472704782563,-0.088142807571492884,0.16689173755003125
0.80530562206284295,-0.69095673658317691,0.00049145044665012405,0.2617030488981803,0.94687564439072935,-0.08881899396640372,0.16446645423256959
0.8049893607210864,-0.69018880887115386,0.0019909732989735612,0.26200886119795697,0.94725137781038959,-0.088351274408155753,0.16205010398183448
0.80413801768980531,-0.6892852087362239,0.0023955389389503229,0.26270902347211972,0.94761053875349255,-0.087855038754746054,0.15905888216331385
0.80358467125873956,-0.68782057518138529,0.0030679518094276353,0.26312420769002853,0.94809125367518221,-0.086725764117210571,0.15610018536312595
0.80280478837234481,-0.68690100849575852,0.0038365884492228969,0.26405927709769617,0.94840124648598012,-0.08589881234072004,0.15306589391806183
0.80250585010815512,-0.68604510366245453,0.0055297412126122242,0.26488869171820301,0.94861406018136196,-0.085385524581554448,0.1505810679268253
0.80230768332485414,-0.68512309032383367,0.0068375644095237109,0.26582638638760886,0.94875191714081364,-0.084630176443578869,0.14847176585757077
0.80165944025738167,-0.68409956488130386,0.0075419967259136161,0.26663253057641956,0.94905133904924766,-0.083630019311496578,0.14565256385386272
0.80125122199265042,-0.68332953231042515,0.0091360232626986754,0.26783407017958966,0.94919210230489803,-0.082343714091496115,0.14324376608655928
0.8015221181211506,-0.68162872653687923,0.010469982974341013,0.26863950927218705,0.94935557536714621,-0.081016984290671792,0.14139679569834213
0.80119460712048651,-0.68129894876052077,0.012029062275566341,0.2699944529135791,0.94933400193146256,-0.079959173857486882,0.13955098956553233
0.80137241540880522,-0.68045097097561769,0.014107672795653475,0.27121898176998777,0.9492991814348597,-0.078524837040511219,0.13822148176936075
0.8013340930497812,-0.67910813601143283,0.01507079201945076,0.27279769403818271,0.94926801267663186,-0.076477999049272841,0.13646528458852694
0.8016750533247422,-0.67723136081239299,0.016251976154575562,0.27323439433898877,0.94950334268800196,-0.074729635402716821,0.13491423040989381
0.80178196930240153,-0.67551562168421198,0.017408586064134354,0.27440922355923186,0.9495740711338958,-0.072830864374315199,0.13305760651052212
0.8016122195411961,-0.67593117109374878,0.019516821698058462,0.27669046423013099,0.94912201731440449,-0.071314157766832892,0.13237852603484249
0.80207762410500005,-0.67480320813457706,0.021188891612098346,0.27730008990059096,0.94915709868611631,-0.070100700036061864,0.13149659314724754
0.80264871295220375,-0.67409572861849476,0.023336922987384878,0.2786899871678567,0.9489315289411413,-0.0684160604715634,0.13107283129374819
0.8029965742700208,-0.6721924148281988,0.024338007095070724,0.28039038323911952,0.94878727542672736,-0.065644453995377466,0.12990282766358854
0.80313756243084899,-0.67158167918298606,0.026027215699364545,0.28087852416059556,0.94886296470428166,-0.064571858604686366,0.12882858360745725
0.80353452122766045,-0.67094827067306106,0.027818790160397844,0.2828263391661141,0.94848070260130657,-0.062235995984194797,0.12853131708140825
0.80361355494201303,-0.67030792201266398,0.029354605202331852,0.28445160865679769,0.94822308021288026,-0.060428596203044346,0.12770535323582682
0.80433392075258503,-0.66911328115473812,0.031217343185582405,0.28593000918902117,0.94792645548427434,-0.058228234658314344,0.12762812200593887
0.80471906858789033,-0.66818778803567336,0.032672673978083808,0.28728865398829651,0.94771655287674661,-0.05578484583184834,0.12722663112936136
0.80562684589800904,-0.66764366895406679,0.035059448650849714,0.2885218427271975,0.94738105511727899,-0.054036467901655748,0.12768845997539052
0.80615409794759407,-0.66696031626662344,0.036863766542812051,0.29021279131483985,0.9469852266177271,-0.051909667279110748,0.12767498881140929
0.80736288275020485,-0.66535170223149875,0.039224923004830284,0.29126340635471953,0.94675363666805246,-0.049809237554504816,0.12783669046366197
0.80699271529049932,-0.66529459571723371,0.040377138113761438,0.29316077005402014,0.94638247566571065,-0.047764473446123258,0.1270256971269566
0.80800254169164265,-0.66467566291697699,0.043046634758247798,0.29399884828078071,0.9461128521285731,-0.04633799226703543,0.12762420898627175
0.80890195184633695,-0.66414622486565322,0.045565964426490441,0.29603000032292359,0.94550472256068152,-0.04384343811059211,0.12831528147068672
0.80885433764664905,-0.66358118945295386,0.046564205459059746,0.29794985487066478,0.94509133782882349,-0.04153816131157622,0.12768252933870097
0.81051678909979519,-0.66206536180085718,0.049417840985819347,0.29867121322720208,0.94483067579547986,-0.039048866990572424,0.12870775599007553
0.81070501885598445,-0.66192369282181596,0.051364225062336899,0.30022023602922693,0.9444351390785064,-0.03748387053765579,0.12847193235035478
0.81134562263083787,-0.66172502948531819,0.053868751575848278,0.30204021027780892,0.94386298024307658,-0.035119491575801388,0.12907752404447548
0.8117870106674604,-0.66093987262214882,0.05576197164267617,0.30288896161996132,0.94368619737397197,-0.033778910566148602,0.12873858402048233
0.81243346378271952,-0.65971873749017929,0.057471915437208018,0.30377807356436548,0.94349481586961115,-0.031843105147886561,0.1285396090830852
0.81252831129980996,-0.65968494490537999,0.059273262966198725,0.30583791844151648,0.94291880623928503,-0.029215239569956735,0.12850588414742767
0.81341559851025691,-0.6596598757776343,0.062388782203321488,0.3067370240992382,0.94256164384790009,-0.028039692790643406,0.12924287687023331
0.81419262447783858,-0.65909553214929972,0.064825079826779319,0.30718848766512197,0.94239986997252445,-0.026376273674239684,0.12969969278624366
0.81406263969055193,-0.65937970374875732,0.066571121279571419,0.30879618998671032,0.94193847610169024,-0.024890866434175863,0.12952708233058199
0.81503456825427412,-0.65813472391401606,0.069045630464503557,0.30903214801615275,0.94189223520840593,-0.023772048827652954,0.12951076573463424
0.81545376092654942,-0.65797587525147561,0.071538229727371075,0.31012694349103764,0.94154734395465478,-0.022191331711051174,0.129682006499484
0.81544952372972634,-0.65773789672221972,0.073243289832533864,0.31116299862462954,0.94131672064422411,-0.020685656411724221,0.12912212568475187
0.81524747155186428,-0.65807562962315924,0.075650724688369794,0.3124999692591528,0.94096208062693965,-0.019259847659576324,0.12869805866204589
0.81588313383657485,-0.65721773198962286,0.077885547119660434,0.31352079084791656,0.94066592607605948,-0.018010516508092766,0.12856107700497194
0.81602414247773747,-0.65738410519779156,0.080720823925688481,0.31448485396780862,0.94037873976499664,-0.016976638134028246,0.12844802910324968
0.81598781190322878,-0.657147158442279,0.082524853840214532,0.31546195720311715,0.9401614377977453,-0.015887675785614917,0.12778030440481172
0.8169015361429901,-0.65679080400614842,0.085928979732658312,0.31624140220933755,0.93984717980899757,-0.014560106512881647,0.12832247438418387
0.81642699014436482,-0.65632076385597737,0.087537364815737109,0.31707666409068574,0.93979334635942124,-0.013675644433705576,0.12674317329547372
0.81638336280993928,-0.65613600697543406,0.089785094784096325,0.31807566359714234,0.93955729537830734,-0.012768028879356196,0.12608306138087638
0.81644309605619947,-0.65555939426349441,0.092142453454595069,0.31897394408134133,0.93940447940786531,-0.011511828751999187,0.12506928025864569
0.81649600642494113,-0.65489572655338213,0.09448570591152175,0.31929111092668322,0.93942981411895898,-0.01026291949950283,0.12417521214384775
0.81613369706660677,-0.65478015960192015,0.096533354909788011,0.32004669519930973,0.93934412657174726,-0.0096588422121251776,0.12292042765253837
0.81602958226828548,-0.6542372676105066,0.098829833595922942,0.32066050453954964,0.93929150240017734,-0.0091618489312973866,0.12175538949639739
0.81618563365084773,-0.65386502710274674,0.1014457044505056,0.32090529295885217,0.93929294580488487,-0.0086405189694086521,0.12113585903486401
0.81618550924708588,-0.65334227047854665,0.10402068829787606,0.32126860931656431,0.93932426275883762,-0.0079006746861002876,0.11997495321887677
0.81506257395547788,-0.65363526049546428,0.10590717959804823,0.32204069792538847,0.93933455241131292,-0.0078991931723597711,0.11780488221289129
0.8147645184684279,-0.65391100441231798,0.10874067051269186,0.32252660720330545,0.93930045288374853,-0.008093647672743105,0.11672934389286764
0.81408044459360551,-0.65271383242824743,0.11009627330570594,0.3220283479261965,0.9398001723963002,-0.0077698479968057775,0.11407457454628483
0.8134355357734413,-0.65305371407711221,0.11259724789105792,0.32309279291972848,0.93961005849363377,-0.0076774907731805338,0.11262788853719781
0.81223862893039889,-0.65210423678913443,0.11363685118060801,0.32326724939664625,0.93993158238000829,-0.0070782059909289133,0.1094385896843092
0.81240279146596894,-0.65160675633477461,0.11680308189418416,0.32355750059802552,0.93993072978024039,-0.0067169105548770588,0.1086077811859778
0.81199539905104179,-0.6505465083423817,0.11927262647686801,0.32366229857593876,0.94014929325371011,-0.0059752670981770735,0.10642518056453955
0.81179544910955526,-0.64972694913986218,0.12171108109970613,0.32408102152847196,0.94018129222114011,-0.0055873532991582387,0.10487807552372325
0.81061864411088214,-0.65023461256863857,0.1234557676417241,0.32461995195651228,0.94023950565217884,-0.0056021671248956207,0.1026653521213607
0.80994407495956255,-0.64948340751168654,0.12569753134217762,0.32463502547792483,0.94048463506315072,-0.0052059862168299092,0.10036757021363903
0.80918040289533233,-0.64914330474882209,0.12805398010960251,0.32499389945141788,0.94059119457241169,-0.0053452586788241673,0.098176362846980433
0.80829748462883766,-0.64839524216564826,0.12985094377700673,0.32562631546970827,0.94063427364430374,-0.0039657683158570789,0.09570234375886677
0.80835726455142565,-0.64746412268255848,0.13353967175097498,0.32537094231141622,0.94085313591148767,-0.0035888227598457581,0.094425880435923495
0.8075105447574632,-0.64677970749508495,0.13551165598119508,0.3256300729697732,0.94101164708818252,-0.0034532014774843801,0.091925029353500887
0.80689077034592704,-0.64576245087378414,0.13758158544268856,0.3258444034286429,0.94116723102118038,-0.0022724735370847622,0.089579595166418974
0.80652201626214959,-0.64543646490063733,0.1402975003086151,0.3262800831451641,0.94113515320660046,-0.0016031054585738005,0.088336633366131623
0.80582074389628289,-0.64454890372848983,0.14269902368498194,0.32637779149840057,0.94131763812753266,-0.0015023199400832027,0.086002234862983015
0.80596105044986222,-0.64365130978339291,0.14566658173442271,0.32680350779446143,0.94124031319032897,-0.00029095453319433163,0.085241160621301576
0.8051399116891611,-0.64284787748608585,0.14732794993177353,0.32598328102401342,0.94174217102420688,-0.00053238073164056687,0.082802780014861035
0.80475768907216494,-0.64210686589750887,0.14941788470261502,0.32620130315093815,0.94180318416715625,-0.00025568579892968436,0.081236732701455636
0.80469144641471269,-0.64077737240633081,0.15186981588783957,0.32577585116253061,0.9420765447982743,0.00032795703544357541,0.079760710782043387
0.80453170352833425,-0.64037091519861078,0.15494969041356316,0.32558095886451238,0.94221666034013152,0.00039544237660190697,0.078896437357341462
0.80401711081446714,-0.64042860901157428,0.15716809798164788,0.32611107730092992,0.94212029756941751,0.00058323641328886244,0.077849662842080114
0.80381539273205704,-0.63880401083923166,0.15906420839912183,0.32542615056269647,0.94252206979418041,0.00039637900739187583,0.075827510604805901
0.80362335036020061,-0.63871639874794806,0.16227508202964058,0.32585267669089979,0.94240170062756212,0.00096240094003003708,0.075486035344861133
0.80377491874818052,-0.63720774965087423,0.16407834787844583,0.32471905517637184,0.94287967168317777,0.001210269351322725,0.074390827257698536
0.80413807326609021,-0.63657669603448075,0.16755952334006041,0.32460606068202302,0.94292282337798627,0.0012309828768593469,0.074336661228109807
0.80336983693890462,-0.63588638002601794,0.16885018397632787,0.32435028338630756,0.94315490680324054,0.001728938490833334,0.072475693938641811
0.80360681687417035,-0.63480232670604353,0.17160888682085734,0.32430144843530695,0.94321353980266209,0.0024301530481282908,0.071908853640263989
0.80359354738243538,-0.63448388068598727,0.1738095961854475,0.32365638740551089,0.94346981622507209,0.002010708641571156,0.071464717270841943
0.80302543952086469,-0.63419207864185734,0.17590903568452046,0.32356853059432861,0.94359255038094303,0.0018488930283208427,0.07023593431559555
0.80324797450619345,-0.63368173014678109,0.17872597288064435,0.32340615886992613,0.94364455009179782,0.002453032364123009,0.070266650121301524
0.80309766290885576,-0.63240908526201256,0.18006764379982132,0.32320367744434786,0.94380949615428822,0.0028070667499189407,0.068957510335715774
0.80332526333733989,-0.63169337338421738,0.18273285800199326,0.32306922555020118,0.94385436881353402,0.0030874459323253769,0.06896139247153979
0.80336211311521055,-0.63241645270073232,0.18550096470479832,0.32330283666819037,0.94373073105609118,0.0023642964697582337,0.069584431914332334
0.80354466412329895,-0.63098273185831133,0.18744181122739872,0.32254538496854079,0.94404369059537729,0.002596664503201979,0.068842154353371418
0.80358057645685066,-0.62990062597067087,0.1896734257355577,0.32208461162465224,0.94424971768256494,0.0033228146220837095,0.068139067457521477
0.80413763778428538,-0.62830683648424246,0.19213346412857862,0.32106489819342421,0.94460225249700336,0.0038098201801403586,0.068039701614784398
0.8039028706803607,-0.62827954536553321,0.19414690422053171,0.32080162382723271,0.94471413360010614,0.0034050687903526534,0.067749017945241033
0.80401678166018753,-0.6285397167561082,0.1964587444959657,0.32113941930309747,0.94455603995969506,0.0034692275079346063,0.068347093616529006
0.80398130262841594,-0.62748417471240325,0.19804729566668272,0.32064942192742651,0.94478364308178386,0.0032057072791161398,0.067509550609971741
0.80435313793573038,-0.62644816194317698,0.20043098742098781,0.32009966101958198,0.94496752796748285,0.0037082643714772406,0.067519085283531122
0.80466889028685862,-0.62596825878772444,0.20289043943517399,0.32004797097445348,0.94495300800742577,0.003973966021904831,0.067950839044932682
0.80493448598617867,-0.62572704225680054,0.2053334928246584,0.32003505880961081,0.94492883858484156,0.003556870076563749,0.06836958255459849
0.80437972263372759,-0.62570849963479136,0.20661447466781352,0.32012121792831683,0.94495998451501673,0.0034570745436398082,0.067535784093104401
0.80521031473553328,-0.62414263031011263,0.20939648437337297,0.31874007331951965,0.94537635977498036,0.0040232838298214918,0.068206430973178703
0.80544025971686972,-0.62428140179480762,0.21209061874765422,0.31901370083413894,0.94521690345689313,0.0040499372947313626,0.069129314385271839
0.80576666147577969,-0.62290597429568362,0.21348564833185818,0.3189991422661676,0.94524054731508833,0.0051066601913398119,0.068802448841680297
0.80627090695607406,-0.62196591708473525,0.21594066170594875,0.31824458300900071,0.94544490216640997,0.0057118065999568523,0.069438444815098962
0.80696056736923516,-0.62086583762494396,0.21797555035331198,0.31747006970282321,0.94565481613520119,0.0064024001775526114,0.070062349626244025
0.80688556720250315,-0.62060839424977177,0.21947762704885865,0.3177872564757,0.94554432182507775,0.0070013566742656982,0.07005837630663074
0.80738672051377181,-0.61951121782521545,0.22188639877653177,0.31758778989630143,0.94557624401855878,0.0077051402487366928,0.07045703137576248
0.80758969123529589,-0.61885857556616464,0.2239933276464241,0.31741273776031309,0.9456108697034632,0.0085936887963784583,0.070678041278984152
0.80830239747222776,-0.61772804312433105,0.22615295482800046,0.31722614080961098,0.9456050519533844,0.0094982257523018206,0.071473386759245069
0.80828554827663679,-0.61757673383277978,0.22746095199800714,0.31717824544237955,0.94561048855204355,0.0097519353088248197,0.071579775888107156
0.80859127220689386,-0.6166676325935645,0.22960822059784886,0.31676125879913075,0.94571575408354935,0.010992702011996789,0.071855256625032143
0.80971426912975786,-0.61504271113629805,0.23239041928764056,0.31601899497586411,0.94586302146138601,0.011825586003131583,0.073043103453134153
0.80996238917062957,-0.61447405243086428,0.23413006263295064,0.31533474482371848,0.94604129772148482,0.012864296248685216,0.07351443119847649
0.81087534042512832,-0.61333962362902927,0.23690003902740506,0.31491129635728676,0.94607174964030838,0.014060480968252353,0.074708920712592539
0.81087775907699333,-0.61281611416701687,0.23851638449283291,0.31445329311861692,0.94621383473980303,0.014823431007141575,0.074691172751741489
0.81072868738057324,-0.61178391679955313,0.24002048531472103,0.31398113074202105,0.94640598355376049,0.016001558327054285,0.073996715891363821
0.81120432931757325,-0.61111752492635918,0.24200053935220389,0.31351713360169031,0.94648805817304305,0.016714806227765843,0.074752778722739235
0.8123163830272655,-0.60912499273300225,0.24457935255159166,0.31271468299657273,0.9466359966600445,0.018291411451818746,0.075863305575869483
0.81244946532985407,-0.60883193833366356,0.24614198537256121,0.31246825336085476,0.94666965167062056,0.019024557317148492,0.076277306365192254
0.81268256362342173,-0.6077365035101584,0.24835542203670141,0.31180125992359653,0.94687506844802249,0.019771714441552023,0.076267020196493909
0.81276364053946648,-0.60690805505762191,0.25018521337393451,0.31218171120666882,0.94672598434032529,0.020754279320126232,0.076300390908701915
0.81269334847828312,-0.60657399901608866,0.2515542217877173,0.31178656086819828,0.94683751916063463,0.0215231602593303,0.076319108643691236
0.81328617301077588,-0.60496904529600259,0.25358395753585322,0.31112405787344322,0.94701343140954075,0.02248706753950944,0.076561825577522655
0.81313787080632327,-0.60471987884291756,0.25540028023950939,0.3114272844421489,0.94688279947040621,0.023613663421503537,0.076605518547240833
0.81326279930138623,-0.603700185858841,0.25720801287534933,0.31073225198337318,0.9471215865200614,0.023838320222113126,0.07640616738229554
0.81343391742555504,-0.60336574685077637,0.2596031441527844,0.3112858150587674,0.94685027178824654,0.024917191395453786,0.077167595081646848
0.81303741024261311,-0.60266777025609841,0.26040970821348897,0.31123979116544725,0.94692799564832741,0.025828880438489358,0.076092262340032496
0.81293565809763002,-0.60220662746660447,0.26260441359581882,0.3110596318951534,0.94697387077143602,0.026382879406218921,0.076067977202318032
0.81327152946812487,-0.60060153809107197,0.26377346914616562,0.30975801771193745,0.94738858931512326,0.027576178250909644,0.075791725747247088
0.81328447936886827,-0.59922652768718032,0.26531061183662719,0.30862293318658868,0.94779696567039151,0.028201874588511859,0.075082962428230982
0.81324720379456017,-0.59955737443329282,0.26753895762605467,0.30853425607845564,0.94775242590992914,0.028678989737528377,0.075825243524786604
0.81332668273826236,-0.59807294278688894,0.2692080171056413,0.30745613014622936,0.94811351359323193,0.029668392069404446,0.075307900577679804
0.81336995490059572,-0.59737896355306053,0.27061878416789054,0.30614955290328011,0.94854881262939306,0.029672773618501569,0.075147374021157037
0.81294919933458776,-0.59647493388015504,0.27134919209158798,0.30476501052940819,0.94908751460585217,0.030009995233077583,0.073828031007246414
0.81362260700317801,-0.59453888037438374,0.27393792154543384,0.30307902141067289,0.94958646262099933,0.030312664207232071,0.074228021503648212
0.81249247523320711,-0.59513354699375598,0.27433895598509977,0.3035083564743401,0.94956190061850432,0.030513519492994363,0.072689748741959936
0.81272806695484412,-0.59366204051001659,0.27616311163870688,0.30203439176635227,0.95006609225522154,0.030372240298952271,0.07229919471505504
0.81260495079937556,-0.593290483317363,0.27777557284108711,0.30134686000227551,0.9503070146989252,0.030255837993429617,0.072050205052458419
0.81272148489202045,-0.59192757158259413,0.27960024067391326,0.29978465806739218,0.95082835071638594,0.030253907275870819,0.071688962580841675
0.81233247473537662,-0.59083363602370931,0.2800061676318466,0.29881558519407558,0.95126160637844082,0.029976993526948322,0.070085534416994597
0.81227134366480236,-0.58985603052071545,0.28136798706887872,0.29795183525471247,0.95157203286831049,0.030085643622743182,0.069499814237342611
0.81201112373241635,-0.5890285028558373,0.28217766739614136,0.2970885371412546,0.9519114138464374,0.030028741907229435,0.068566288711109119
0.81211916093718206,-0.58731856965778495,0.28409058765543876,0.2950123873109709,0.95261720523250415,0.029905705117733133,0.067777580581679236
0.8117854738985042,-0.58652915261576566,0.28531137985094179,0.29454831992408376,0.95283041296203397,0.029841169291747141,0.06682062540713668
0.81153953790718725,-0.58530961430471762,0.28587291896277478,0.29362031897957869,0.95323085146574082,0.029380823727854097,0.06538210223985047
0.81172331176440082,-0.58425575422960718,0.28795939403109294,0.29215257228595432,0.953683056019348,0.029390150061830579,0.065358413747893321
0.81175840171665481,-0.58292723106736632,0.28903394805097449,0.29109374436428309,0.9540741530100707,0.029002699530675389,0.064542900229468514
0.81152608874855892,-0.58143396579827922,0.28973301744019858,0.2894669546413226,0.95464860053705125,0.029532887748318731,0.063108955026790453
0.81160872705006715,-0.57976560373352748,0.29052622414813145,0.28814706394750234,0.95512909452258843,0.029417242205030017,0.061921790962028454
0.81143242394627002,-0.57887919592785064,0.29153419859272434,0.28763549400727978,0.95534959775074524,0.02907841795535537,0.061052553377328192
0.81100611614907447,-0.57773213658756473,0.29173783670586395,0.28631776846918017,0.9558508196873271,0.029139742347244858,0.059348305602015865
0.81107953493481388,-0.57647336081085987,0.29314016987505609,0.28582125896148441,0.95603102968548193,0.029295896518845517,0.058759072927902792
0.81103855209184172,-0.57504316082823681,0.29376985915790077,0.28454797262782761,0.95648052211286361,0.029373479487423665,0.057573090892351873
0.8117205851087026,-0.57259200152460965,0.29519786525861852,0.28258057769428657,0.95706565688261735,0.029683885039007239,0.057379547704724206
0.81156131459945169,-0.57135027681903872,0.29556895843366182,0.281772000286588,0.95738116839557497,0.02979012351752491,0.056021306632653159
0.81183063600674765,-0.56965679772464994,0.29709722811200973,0.28020796331435277,0.95786655969763768,0.029710658615072768,0.055609602344316798
0.81174054720197408,-0.56790684840721439,0.29691898504529574,0.27876093048247808,0.95837534901260391,0.030048051937470566,0.053908706312392939
0.81186881483250273,-0.56662920942752137,0.29719077628972917,0.27791537277864953,0.95865554408845888,0.030308369878275745,0.053141284112136825
0.81284140206160438,-0.56415342009323288,0.29824739503197201,0.27629363688934139,0.9591181398864147,0.030538574680167952,0.053118879993732826
0.81303723536466677,-0.56240604905928826,0.29880722616655009,0.27460291369336787,0.95963226478459074,0.030905105227977323,0.052383495934861565
0.81349429392846828,-0.56049193011418619,0.29921097084510828,0.27296906812248206,0.96012871586813231,0.030991493474907063,0.05177126757140349
0.81379366630140493,-0.55877402386885777,0.29955106059519276,0.27175945568240839,0.96050353107226005,0.031204777015330639,0.051049259900069074
0.81458886442770839,-0.55617590471298339,0.30002617566019901,0.27003204207028431,0.96098250510441852,0.03203574182570787,0.050685623052944849
0.8151406861779833,-0.55407902248026253,0.30061230029983133,0.26825510041959483,0.96149329790775229,0.03224365658659329,0.050300952150764251
0.81582197923540278,-0.55189284816124307,0.30120137229986077,0.26685417931884498,0.96190027066761064,0.032094426310026028,0.050066596344004129
0.81616131715083862,-0.55075608524133302,0.30101743979238604,0.26569550192551439,0.96224553301992977,0.032047568880929717,0.049622452262686557
0.81693533073897451,-0.54828366301480913,0.30134988260837969,0.26438464356873864,0.96260354909331691,0.03273458767239551,0.049230217223770224
0.81787751534280639,-0.54597965228815126,0.30169512022292772,0.26262462505080214,0.96306820831263207,0.0329582073916296,0.049413449788016449
0.81850812297733033,-0.54387489760734842,0.30217632774848363,0.26164260137456546,0.96334510646558613,0.032983289747475129,0.049208308162269683
0.81939622507402088,-0.5410708150506871,0.30210017202592226,0.25964650426424396,0.96388747682537224,0.033463498522006203,0.048834609748040846
0.81985520487855756,-0.54005783587661926,0.30236832898227339,0.25890834995043582,0.96409799037902055,0.032944362283559112,0.04895099862930645
0.82045943745554617,-0.53736160174240299,0.30213243460293271,0.25731720224420584,0.96454533371760587,0.033419766234185459,0.048200371965984867
0.82137314273656781,-0.53478359819722654,0.30135328130353722,0.25548912384827155,0.96505167518224455,0.033391767472658887,0.047807548444133402
0.82223208960578231,-0.53218956562412145,0.30172622672350974,0.25408908985231676,0.96540694837678076,0.033784790100930245,0.047819937282364819
0.8234103196785707,-0.52868424036670802,0.30210793799298735,0.2517712922613492,0.96602033942329002,0.033622706390699031,0.047806211191925178
0.82417311919425429,-0.52663579669043914,0.30198542142344037,0.25024863550325621,0.96642817339808074,0.033344388925188748,0.047753092239284201
0.82507417402239647,-0.5245555273727206,0.30218226266353371,0.24882289136112345,0.9667908108958333,0.033004680776235869,0.048097689642296014
0.82560937613977559,-0.52171410669811569,0.3021909109213099,0.24712168908032506,0.96725657616251481,0.033281962615929826,0.047306422617740741
0.82668212379720574,-0.51847496723760189,0.30244686100483398,0.24613883165154324,0.96748495001558021,0.033946813088137399,0.047288063268891761
0.82734550563148535,-0.51662340614257651,0.30232353408141499,0.24461078610894535,0.9678778510799525,0.033842825706168644,0.047251368829264132
0.828263077343947,-0.51292510886509168,0.30185232755421382,0.24164473415286769,0.96866210028808131,0.033734142289334842,0.046514143716465665
0.82960843224107572,-0.50968862607975018,0.30254433398071023,0.23960401330210679,0.969125811419418,0.033924906686070892,0.047267104380530986
0.83017043635671595,-0.50735942101589759,0.30237700298601655,0.23880421766414014,0.96936119377502861,0.033509312830792531,0.046781915121955085
0.83097687728455571,-0.50460790821690793,0.3026186629172708,0.23716487919821208,0.96974246899960836,0.034082463953937631,0.04680544353245341
0.83221335444500477,-0.50108637686013391,0.30273976379697026,0.23438686398824649,0.97040614232452049,0.034139806186322362,0.047002027213283733
0.83289027635455193,-0.49774782986074845,0.30176131524879113,0.23293559650748463,0.97079645967948491,0.034371005309016905,0.045976904501372928
0.83397249529283257,-0.49495330361168843,0.30288440115461696,0.2312067790943827,0.97116136831297761,0.034691057110579841,0.046749893623590708
0.8347778294523629,-0.49202430083767512,0.30218346509024097,0.22912024178000151,0.9716911211386654,0.034299327577708476,0.046301577021461746
0.83559910140106619,-0.4891559349054701,0.30280170667810263,0.22761587304846251,0.97204359903644488,0.034129525143503321,0.046448158436481618
0.83666163905310298,-0.4865108339086805,0.30331322623295753,0.22561199322866293,0.97246766248277705,0.034325107037517483,0.047198103389187854
0.83744498650696242,-0.48300354828204123,0.30312727077128393,0.22309044024067309,0.97306692518843341,0.034585472298077347,0.046639679281373296
0.83845064993421548,-0.47963688317580738,0.30275828706440594,0.22146809048469612,0.97344846539568231,0.034365378117715062,0.046572426420364917
0.83937877950423589,-0.47651897063056242,0.30342631710834855,0.21931141776495938,0.97391234496736934,0.034527518140153778,0.04695845876053438
0.84015640098390654,-0.47324873319797311,0.30262803144104733,0.21754401518483305,0.97433142539660578,0.03472973354974173,0.04633271575726667
0.8408844385376042,-0.47013260832045206,0.30313654425543607,0.21570940604629252,0.974739818887571,0.034719201269621573,0.046328335620660716
0.84214346462118972,-0.46596759757257772,0.30342728087905374,0.21248405860248493,0.97540759287115297,0.035321075094887508,0.046722310123326546
0.84284144833987262,-0.46290299467328438,0.30345229084282255,0.21088752047202022,0.97577592623721687,0.0350542715701542,0.046464970996986023
0.84361166796293219,-0.4606474327063918,0.30319990382728129,0.20959790250489499,0.97606247445422845,0.03463598104552567,0.046595214827825575
0.84434208548117273,-0.45693558544663432,0.30354748224852057,0.20704966356877946,0.97661565750690915,0.034644584932209864,0.046390161276696436
0.84529470098465842,-0.45374339461030122,0.30381055107269084,0.20513376992937105,0.97698683621036475,0.035073421145211087,0.046762307849342204
0.84629142111089573,-0.45013595538470313,0.30390645783233,0.20316932187370493,0.97737923630334578,0.035388014644208647,0.046901423347366702
0.84666180814742342,-0.44766269676273779,0.30346159803118322,0.20161368241516112,0.97774059095607402,0.035137269341278705,0.046266966218937604
0.84744664917876178,-0.44307179257664914,0.30387857327209877,0.19850211161835737,0.97838806637161013,0.035295699299653226,0.045912055885394654
0.84814766360102323,-0.44036721678331447,0.30394753736712349,0.19700389118094383,0.97868072637607195,0.035366652224190838,0.046072796637759227
0.84877893848156349,-0.43675270678906697,0.30386919622537312,0.19488633660228849,0.97912787729405626,0.035254470873984603,0.045662216270900551
0.84975344257671137,-0.43275315263415759,0.30443081846153958,0.19238523546805053,0.97957698090715761,0.03604339974760621,0.046018832942129238
0.85018703699896114,-0.42997595965233443,0.3039199198424572,0.19050992018901022,0.97996733761992416,0.03614064960704895,0.045429516326671512
0.8510400579582228,-0.42652924826503863,0.304954175394966,0.18865495628574844,0.98029996402910502,0.035965701184089253,0.046127609212866204
0.85162438059131895,-0.42343927761018024,0.3040042064968897,0.18674809078030613,0.98070061444875445,0.035784747067407488,0.045507222361599028
0.85234937339520334,-0.41993170260985457,0.30437174831352648,0.1848533612349714,0.98103694134155317,0.036222361965271052,0.045647508771019314
0.85293271630963696,-0.41724392207249211,0.30441899039365017,0.18288975720509387,0.98142348370505306,0.03573432557984188,0.045632667213887625
0.85343398854113262,-0.41443453144848402,0.3040376385895025,0.18086272978202744,0.98179935876550173,0.036013948382572089,0.045405810479946768
0.85432936356992728,-0.41014701017022076,0.30420296243470168,0.17842289762181004,0.98222114890090839,0.036446985303872609,0.045590585851425995
0.85480751909955099,-0.40692731897258472,0.3046501717038424,0.17656414676451099,0.98256496199942045,0.036297361810781512,0.045537885919035029
0.85540376629766401,-0.40436608722402739,0.30471118288871141,0.17534971954245285,0.98277849137316708,0.036219428379971094,0.045684414831462669
0.85618169110697151,-0.40108911256731644,0.30521842127637272,0.17275763635537048,0.98321010536193831,0.036257563545655562,0.046239343429645259
0.8566691877755398,-0.3980064986479207,0.30534236831935069,0.17115806083997739,0.98348208194302422,0.036446278841334293,0.046255610093622473
0.85683528776854179,-0.39518877729440666,0.30476933842871107,0.16934466815852209,0.98382412039902523,0.036729794822840445,0.045424725201552864
0.85757814988379277,-0.39196968638034269,0.30499415581212008,0.1676080179228947,0.98410175907537401,0.036857496846154955,0.045747186131486428
0.85804552116403543,-0.38869743257039957,0.30533280823974551,0.16552294415214897,0.98446140020685857,0.03670573158698117,0.045723032823957392
0.8587523833600178,-0.38545132362414686,0.30577357809226313,0.1634485591075838,0.98475273249091244,0.037471435997907282,0.046287318582859845
0.85887374105607872,-0.38267791794863359,0.30515809528869892,0.16191948681768834,0.98505416292173464,0.037222120765160523,0.045441056600844618
0.85928665297327134,-0.37983402969454061,0.30542391928184165,0.16026415198895844,0.98530342172291763,0.037799066125557904,0.045429058194136153
0.8597091223425587,-0.37689305472887541,0.30541741400906641,0.15836965535919617,0.98562963200979892,0.037341591950364655,0.045374952079869003
0.86037486166938204,-0.3737514299262733,0.30543285507836226,0.1565448029495127,0.98587993206405145,0.037977933345830335,0.045740144311746674
0.86058302262368702,-0.37037628690073143,0.30591162650992121,0.15466630591906447,0.98617371977401547,0.038328678039133458,0.045504292986536916
0.86080590937682666,-0.36818894042247879,0.30529293056107493,0.15325068117017115,0.98643811294878292,0.037727686047661503,0.045063286036552429
0.86152315549828251,-0.36465391162481053,0.30614145398926074,0.15101265590498936,0.98670598725586012,0.038915292579100855,0.045739178757855048
0.86190750421533124,-0.3615320994110629,0.30614726842582013,0.14926017606446501,0.98693585140262674,0.039874582000073912,0.045706047386496466
0.86225421117140755,-0.3589584745544292,0.30611032911676828,0.14792405761068161,0.98715052638921774,0.039664647408704005,0.045596350461692206
0.86251277371632085,-0.35580405975128093,0.30652603913223864,0.1462949628821073,0.98735824131679173,0.0405713103382307,0.045557171955403201
0.86270018992413688,-0.35272548208294557,0.30593205865567075,0.14444597080227056,0.98761808392716499,0.041564492593008762,0.044925213127048252
0.86325337169374328,-0.34959905398819446,0.30606310522448765,0.14312562613555765,0.98776019617393085,0.042436578544000549,0.045210472229576665
0.86346407995422669,-0.34699467409127321,0.30623534018319071,0.14106750733276516,0.98804168870296338,0.042834641750933801,0.045152776503622226
0.86369113430118427,-0.34348297958046681,0.3059006423349705,0.13930400443931357,0.98827738798099374,0.043669854474108677,0.044667018736943842
0.86383298357732585,-0.34131205571540546,0.30607538879787344,0.13818679425458311,0.98840370483090234,0.04446268347828336,0.044560026347591937
0.8643859248314788,-0.33778176660262377,0.3060396213026248,0.13597055340410166,0.98867471941116247,0.04496335427991438,0.044862061657270677
0.86472670625302139,-0.33514411119221688,0.3065770708718607,0.13438913118445811,0.98883295498471468,0.045929230275697022,0.045160318444025585
0.86473263156579749,-0.33217563328524619,0.30578366294099879,0.13323878385373916,0.9889810233760461,0.046970571588885922,0.04424621208486245
0.86536281166159057,-0.32995068317273485,0.30662376340341063,0.13195614752641413,0.989056375260431,0.047994688809197189,0.045294277042395845
0.86536023320975397,-0.32661204865561949,0.30642119628796499,0.13012781026970216,0.98928289481296117,0.04895495492837789,0.044604029110169072
0.86583104534644539,-0.3237409049584814,0.30649022997978675,0.12871255298036444,0.98942176499209977,0.049472224261664366,0.045057171369260303
0.8660759285057481,-0.32084488414993473,0.30644515658872062,0.12704171543742851,0.98959179356928684,0.050496367270600362,0.044928849657101054
0.86638549064859005,-0.31797681755070467,0.30668209668416585,0.12565964096941348,0.98971395732667011,0.051320500661105058,0.045190082054737589
0.8664562617289342,-0.31532709476593396,0.30594377922520616,0.12387034853765105,0.98992649480464889,0.05212488108895591,0.044549617376637637
0.86695313077159641,-0.31303380329212555,0.30662332901536937,0.12281462122043697,0.98995597358094845,0.053362455831983381,0.045345203643349936
0.86701318194893184,-0.31044680156986926,0.30635062120782525,0.12119039703389976,0.99014582912028104,0.053811519132246674,0.045038263189838577
0.86723668277887989,-0.30769546272854681,0.30662214885892902,0.12017906070019625,0.99020175043195391,0.055010146891700397,0.045070728301934732
0.86725899132741724,-0.3049708049587182,0.30605243791270126,0.11900372697410612,0.9902913630711645,0.056360387691706759,0.044549252431079163
0.86769728459376738,-0.30279747116528732,0.30639373804364922,0.11805664210780349,0.99034612079036699,0.056889049176460114,0.045175506344703971
0.8680032120607708,-0.29901469245887979,0.3062347770663667,0.11597949635017815,0.99053916249851237,0.057767282020305601,0.045209126413717798
0.86829608420252335,-0.29671477736443602,0.30652515008290149,0.114323056702826,0.99063132054026604,0.059110158299815425,0.045670719903917079
0.86841908951703806,-0.29388516291616273,0.30589347662993643,0.11306037352319097,0.99073980627555325,0.059993557283577276,0.045307408713568101
0.86876244786044676,-0.29131390224227399,0.30616840229623987,0.11169399959802141,0.99082256478155395,0.060834703029268702,0.045762806741296749
0.86899914911650411,-0.28918010067071165,0.30625332141467609,0.11037424147421385,0.99091786256399472,0.061474048028714895,0.046046258149382735
0.86929754740418563,-0.28725438433891781,0.30642739809495112,0.10946959580977522,0.99095487584307984,0.062186806967668748,0.04645043245478743
0.86959255311549888,-0.28498233772949549,0.30613237800725873,0.10880441231746453,0.99097256624793462,0.062872002092956528,0.046712783657769055
0.86998863696623796,-0.28216888123784883,0.30637871817148932,0.10762635825100283,0.99100398691246383,0.063987723729958049,0.047257127981784913
0.870139845217204,-0.27910299744301809,0.30628912132895603,0.10566080605546484,0.99112519598969451,0.065324228592079592,0.047322141719801286
0.87056145407271912,-0.27730592183021524,0.30634609136938828,0.1045474344797787,0.99118793266096006,0.065680266195634468,0.047983525542203746
0.87086941010181707,-0.27555452082323001,0.3060817847931035,0.1038858193071924,0.99118650622465609,0.066536146908722019,0.048269944888867142
0.87122547941997863,-0.273071389567909,0.30640389757566705,0.10286315585948631,0.99123041386110433,0.066889968439533001,0.049062918029091025
0.87161121217339277,-0.27117937232322648,0.30611678150104515,0.10135434695115393,0.99131419873700288,0.067570048608893582,0.049575641876946186
0.87187974330264517,-0.26920926714893917,0.30617617694980093,0.10014111499900824,0.9913803811659283,0.068069152632668231,0.050032863059442247
0.87231800666397552,-0.26746237593136352,0.3063704200036147,0.099746105884529077,0.99136433014055447,0.068271799906534161,0.0508570607031553
0.87274547320870799,-0.26474290385105859,0.30610657042889455,0.098072406045959681,0.99148375802478372,0.068407738680755933,0.051595949782847511
0.87299851667673967,-0.26304186965455056,0.30632648070914231,0.096994709921388589,0.99153169243195427,0.068881459779479334,0.052079493554931307
0.87323280519964463,-0.26124105609261317,0.30579680099102957,0.095917103759546068,0.99162238513403855,0.068834030737323998,0.052410215797250567
0.87357481191323028,-0.25940108511542975,0.30570910047478633,0.095063378843158117,0.99165727234995793,0.069002790729704333,0.053079403443109387
0.87400741988146891,-0.25747909913687095,0.30577002862453706,0.093783308074973065,0.99175530272507295,0.068603080383017961,0.054034507540784094
0.87442507496388377,-0.255147099946542,0.3057401609304562,0.092658991605463661,0.99178841214400404,0.068976540865188687,0.054884365914229231
0.87487907073951854,-0.2524497357360283,0.30580322426421669,0.090874653332256555,0.99184290667550379,0.069877372732508339,0.055736869657637543
0.87517872097748017,-0.25135385010760164,0.3055475161890322,0.090446164728254688,0.99185471610278408,0.069853089002986202,0.056251750082609062
0.87561487877841848,-0.24911643790229102,0.30579260227824567,0.089121344304400066,0.99190077438703039,0.070026595399677427,0.057328140529028883
0.87593392023229888,-0.2468817302534069,0.30539607024643428,0.087695489158079953,0.99199777569090108,0.07006521423344024,0.057799480620953664
0.87640363723045089,-0.24522818141786809,0.30587022421646093,0.086828320602999054,0.9920110353811632,0.069881805147305923,0.059088761474661203
0.87671797028286591,-0.24290954376298346,0.30541222570014043,0.08557041059239788,0.99206497372125724,0.07026667863959217,0.059559941398982165
0.8769400405052542,-0.24098124732446558,0.30536366465767117,0.083952022896244566,0.99217475127489985,0.070163394296138243,0.060153294881193795
0.8772925232609583,-0.23857510093912734,0.3058347380455908,0.08296609436475115,0.99214459340411121,0.070863755658734193,0.061188733430179158
0.87776777150269236,-0.23668645654475282,0.30550475346493933,0.082046349763022164,0.99213751736863021,0.071314078488780852,0.062014879903706209
0.87779372130872946,-0.23448300732921454,0.30497051561035826,0.080675942398932235,0.99224637964171902,0.07123930322560322,0.062156866731493059
0.87852155023026224,-0.23226630251486921,0.30601395375445029,0.079000259344543231,0.99224518627888358,0.071466885730538013,0.064038531946455146
0.87852749079647452,-0.23063105920142732,0.30513739934284217,0.078105814376946289,0.99234798454581752,0.071042155784091662,0.064015399943429141
0.87882334580989319,-0.22843023917685074,0.30533295808629168,0.076756116287884785,0.99233540355817318,0.071902020534224051,0.064877152376892955
0.87890802948498448,-0.22625911680692418,0.30503925124041104,0.075356987482973606,0.9924488607145836,0.071506337618250926,0.065218302524988392
0.87908543559364105,-0.22422486695611601,0.30470276225686344,0.074333269109279274,0.99248120674998863,0.071663095811103458,0.065726859428870341
0.87941044731464324,-0.22253343110506971,0.30454058572717879,0.073352492138657022,0.9924933817196383,0.071832433872957915,0.066456004872786897
0.8795223441193758,-0.21959654777209173,0.30424980850372241,0.071960201333014825,0.99251397692768717,0.072579994801545464,0.06685715654966401
0.87948288093935656,-0.21707969169841468,0.30393344021032664,0.070066178257486761,0.99262072279319824,0.072827980764385042,0.06701430118774189
0.8794440189372239,-0.21560339473165802,0.30364926960385086,0.069239007228073579,0.99268799754248593,0.072536637732148163,0.067193270493967575
0.87959552784511885,-0.21422325073468673,0.30294084478796091,0.068401994734254609,0.99273696968052461,0.072338177633667733,0.067540093296828738
0.87937465539804771,-0.21172516794846802,0.3025250767562131,0.066842883630228139,0.99283105518221848,0.072700638118415609,0.067328611978369965
0.87979197995764846,-0.2092276858849007,0.30334260646620881,0.065492011358215266,0.99279364596451558,0.073156596130373189,0.068699966691092337
0.87969110407021656,-0.20669511887009945,0.30224302194520963,0.063865821680407941,0.99291822339523506,0.072922165485008947,0.068679809636555719
0.87963479443866077,-0.20531103639232315,0.30214172104433318,0.062799367983478516,0.99297140920901872,0.072955502872796257,0.068858655773321301
0.87954586233493948,-0.20166074615872148,0.30187831675275667,0.060737095450991103,0.99303129879654373,0.073672664315383801,0.06908099144699259
0.87931455546863235,-0.19960095617420465,0.30115660100180275,0.059675582777958397,0.99314392016472763,0.07320508604994852,0.068883917109641618
0.87922241698040882,-0.19710285136518121,0.30030950619969687,0.05821705537527827,0.99317686209879052,0.074057809562419391,0.068745442742397675
0.87878858822901162,-0.19508622375446996,0.30002851468531372,0.056795574166667376,0.99330237728742632,0.073823351535319104,0.068372237043400438
0.87857251612936849,-0.19323223121665015,0.29905651706497038,0.055174439850514727,0.9934417391695507,0.07348863487761928,0.068034642696087541
0.87849155905258025,-0.19094529487617934,0.29892374694252499,0.054220107297213348,0.99340409337532609,0.074517373646922375,0.068232310928108719
0.87804878752617033,-0.18826530774267788,0.29782239800808563,0.052280848303766655,0.993560006541512,0.074349729705292494,0.067656071380323105
0.87789587767496213,-0.18665043028528958,0.29740964941303416,0.051702233746392573,0.99358902311756214,0.07445156180891635,0.067562542211901708
0.87747521280788621,-0.1840696389203218,0.29656425232351091,0.049656860385526136,0.99373250772559774,0.074288071486687743,0.067165331390801719
0.87711202806106692,-0.18165481809287079,0.29581437723705417,0.048308120242060604,0.9937885912026716,0.074872332457572577,0.066668548405157554
0.87677864595866584,-0.17936196765239185,0.29561315193016247,0.047210145701376098,0.9938299227917311,0.075081845799785066,0.066603326778279015
0.87671575103669097,-0.17730666936604289,0.29575471476933551,0.045946718590829098,0.99385921400920818,0.075042236310821631,0.067092656447669805
0.87625388216881128,-0.17479222625391139,0.29426751671405721,0.04417643876263027,0.99399007339721446,0.075057320901648614,0.06632175227720595
0.87600939650529097,-0.17229569049068014,0.293919023437825,0.042671586301872275,0.99402817865132365,0.075330082099735865,0.066426609882345375
0.87566547829315344,-0.17084232239745906,0.29351437243203921,0.041604832653420236,0.99408981842375277,0.075486938795219116,0.066001461176539808
0.87534734964730487,-0.16823092251749538,0.29333170408942277,0.040327496541241424,0.99411597084816483,0.075739327837045345,0.066111146912752258
0.87485641107082468,-0.16627732318115479,0.29190283782090337,0.038687022873067932,0.9942458299735627,0.075548038720933186,0.065353176562588627
0.87452791206026226,-0.16432503565918241,0.29127460946769151,0.037656675542045652,0.99428508568527829,0.075760086831617696,0.065111845421595843
0.87418203584789067,-0.16263823882731782,0.29037633438108917,0.036551801060316143,0.99437638987840415,0.075452675212678899,0.064702819837232278
0.87373157719626726,-0.15972733866418912,0.28920606448160319,0.034981825455499702,0.99444286677228988,0.075720614429720182,0.064234298967891124
0.87356112964364585,-0.15843551771838443,0.28880583085977329,0.034104509156841177,0.99448356736826349,0.075580482085314496,0.06424101040157322
0.8731011749885631,-0.15606134669297905,0.2884179928236692,0.032375081347569085,0.99455546586519628,0.075583937804407156,0.06401833933632245
0.87275694057062503,-0.15361183593859146,0.28783131602808154,0.031001143462475986,0.99456018681860703,0.076201234014782723,0.063893159524169185
0.87261922049551743,-0.15204627259771619,0.28737002406486034,0.029927574480020869,0.9946133346096292,0.075775370633918121,0.064083914578848655
0.87243880742030611,-0.14983087384290544,0.28668725829016606,0.028521587524007307,0.99459862853998315,0.076418058602286218,0.064190088572557577
0.87174065190266414,-0.14764475792714965,0.28608044471462257,0.027482448152658961,0.99469645562307107,0.076020165458884778,0.063597253541645443
0.87179891987110891,-0.1467756353218635,0.2846324206130314,0.026314322668340877,0.99476646416656633,0.075440507237014884,0.063686482552233747
0.87130456451370386,-0.14440081711421823,0.28437275870643958,0.025101154448275254,0.99476300847229437,0.076146423529249496,0.063389361916793105
0.87100874492486779,-0.14253978619378793,0.28381466221206481,0.023908241697539159,0.99480247441600611,0.076046379422017155,0.063351251380903903
0.8705693719655081,-0.13987964985474535,0.28291731543226978,0.022368939330838652,0.99481052295248051,0.076510495986161969,0.063228142311611266
0.87008989317885377,-0.1380465522187119,0.28206800787950215,0.021140437948885892,0.99489884655409577,0.075966554367287248,0.062916211155958898
0.87012490586805824,-0.13589103078992698,0.28146185891893422,0.019909721963059408,0.99483821179942311,0.076591649446186127,0.063515781898615606
0.86964828585634224,-0.1350761377873973,0.28068755935660561,0.018907972724203102,0.99493615464562757,0.075947770957607769,0.06305928030832296
0.8695710752524578,-0.13272729802424879,0.2806597219905097,0.017561884767734078,0.99491318010623953,0.075951743375068423,0.063801856811397564
0.86981046111880322,-0.13075272060768844,0.28012875955193384,0.016129085825888394,0.99483113594896988,0.076415250378230423,0.064896633553181357
0.86898619388642928,-0.12849099884165405,0.27798419428378518,0.015128054662846422,0.99494877420029659,0.076067901071568869,0.063731884532087751
0.8692919288148373,-0.12748905536492078,0.27806930147224684,0.014324801860266318,0.99488320435354849,0.076103650166043535,0.064887935537235708
0.86901627786975211,-0.12475238148072221,0.27767442501265405,0.012794797785463136,0.99484390948190893,0.076446733324925131,0.065404784842764171
0.86875552924707267,-0.1237179779447021,0.27707156934578531,0.011832827871452446,0.99490111640145062,0.075751597862530107,0.065524409108251455
0.86873995227297773,-0.12211055531313497,0.27599448192961168,0.010605857876802859,0.99488655741444043,0.075608099643108204,0.066118597407222701
0.86886526544602227,-0.12010134170011989,0.27580530119798702,0.0093776722180775839,0.99480295773495975,0.075733936765027848,0.067405529206565978
0.86859409360155815,-0.11779883889140436,0.27415957726286622,0.0083805098765840011,0.99476380788338414,0.076477226451615671,0.067275310581420208
0.86886703601631454,-0.11639269529385818,0.27377755942509735,0.0072733544398683328,0.99469677051681415,0.076257057095263078,0.068631583704460916
0.8688930474756541,-0.11516361787949952,0.27310832106380234,0.0063354391307765649,0.99467138438956826,0.075918352607146036,0.069462961533304154
0.86879157553448771,-0.11246024061900435,0.2726388749328712,0.005141073410994677,0.99454682445427456,0.076931266430966511,0.070226516198860889
0.86913885434968252,-0.11128867487042352,0.27187012761174684,0.0038858513480760104,0.9944795140894831,0.076533060349012666,0.071680449839972238
0.86899223406811676,-0.10898992497417594,0.27059563491539512,0.0030194014413158347,0.99441267573146397,0.077029379353987751,0.072116491011876213
0.86944284536301575,-0.10718230956142311,0.27091193482870768,0.0019278123879132802,0.99424406522330366,0.077275150245986399,0.074186073235455993
0.86919495734051666,-0.10480002725579565,0.26925430715503185,0.0013359094446825258,0.99414253101191841,0.078502786877565248,0.074270827594878019
0.86918637665864906,-0.10334374257311534,0.26878468462192762,-0.00011954747617014497,0.99407821110338335,0.078335248995747883,0.075313243740211394
0.86938296806482218,-0.10157949582162414,0.26799691161986194,-0.001151506727093139,0.99394847809061404,0.078697215355249747,0.076627966363065722
0.86972545691362424,-0.099622584970686434,0.26761086243926946,-0.002159339758030971,0.99376232028752687,0.07951880405911016,0.07815719947368463
0.86979643896200465,-0.097465530170163447,0.26713724705955699,-0.0033262850126900374,0.99362631772974519,0.079868557967505818,0.079477606852704677
0.86978243112491604,-0.095213385344563403,0.26589216948310102,-0.0045703961813889065,0.99352008349620835,0.080254862796122914,0.08034993569386456
0.8698458402235304,-0.094119777619117481,0.26456067905619718,-0.0052898287187929747,0.99345747335366641,0.080189042070498678,0.08114175177854642
0.87006561436355923,-0.092077249414235993,0.26419924872444239,-0.0060337051477920879,0.99327750325452902,0.080997985842925321,0.082478616744147706
0.86977368934061694,-0.08884627131315434,0.26372817413339666,-0.0079590372369382229,0.99311062270542616,0.081890150010508506,0.083438289335043103
0.86981467371773291,-0.087337920037702882,0.26243277262057929,-0.0086337616267428523,0.99301253004079792,0.082086563029109369,0.084340793879440157
0.87001901556341132,-0.08557095452107194,0.26203339503474077,-0.0097830580105038398,0.99286565126627346,0.082136762676701017,0.085881561050980285
0.87011022509749869,-0.083917327277158241,0.2614924642586457,-0.010799709371202389,0.99272100257230422,0.082649589942021984,0.08693343782315642
0.87005140166484396,-0.082105616880437216,0.260584916988576,-0.01214012482877702,0.99264566817771049,0.082276955915048883,0.087964182156840251
0.86985123984059276,-0.080174780441281179,0.2590718094532739,-0.01290826590940344,0.99252168357670145,0.082993609992842304,0.088578468047478723
0.8700337471321129,-0.079409920954988528,0.25839088490976514,-0.013358344287610771,0.99240681895569738,0.083258992557132996,0.089544405109971983
0.87013247180619679,-0.0768696458809527,0.25818526206541342,-0.015158076846978267,0.99219333725540082,0.083720531338062454,0.091178324423979065
0.87013813956101227,-0.076194911825274506,0.25632997706611027,-0.015473128429500044,0.99218326378304977,0.083324691238829865,0.091596665852928694
0.87003231668119341,-0.074640385148889765,0.2560883595567825,-0.016310778942501783,0.99203920023829695,0.083928705912471854,0.092456238322283474
0.86961661894584352,-0.072645210941514618,0.25515487872806741,-0.01748005197328337,0.99194284970400304,0.084482694693931909,0.092771250942115233
0.86952404816711704,-0.071390368046655425,0.25365166097875674,-0.018041090762863709,0.99188384711085464,0.084471257068321287,0.093303588430213635
0.86935121178535824,-0.069107038872374668,0.2536589824736008,-0.019480190952289665,0.99164666963724446,0.085656896674644642,0.094447344112438977
0.86903444046007106,-0.067644860109472835,0.25213760168539806,-0.020646512263776895,0.99163583791267806,0.085186312890286442,0.094738474732924113
0.86901857576777175,-0.067258143263130996,0.25090890441241126,-0.020792968697328225,0.99160430479976014,0.085048037155253373,0.095159794721170032
0.86862738409827478,-0.065263018068249024,0.24989156702771886,-0.021474354909261556,0.99145568430268305,0.086209293852015048,0.095511443286481465
0.86811684831061875,-0.063853033681572718,0.24873075626776203,-0.022573745745152248,0.99146044959085233,0.085827813751274407,0.095552023980734535
0.86802983088888008,-0.06286295769753375,0.247585439249219,-0.023126999627219574,0.99137247071009205,0.086088862553420298,0.096096170322593016
0.86758499825096369,-0.061682991716319899,0.24611216262148075,-0.024297384466654318,0.99137322499913205,0.085833456725070881,0.096028035330967015
0.86712676521215715,-0.060190275896163686,0.24545982728524582,-0.025067939122112783,0.99130788718340312,0.086022401132373749,0.096334924817371312
0.86707199021842019,-0.059068074116507246,0.24436382255213723,-0.025231458711482972,0.99121399362107621,0.086514371832528442,0.096816609150863028
0.86675024145101642,-0.058181790580032006,0.24322595591742657,-0.026276465363769486,0.9911828016756794,0.086296692936116359,0.097051954223639145
0.86593769035470514,-0.056121589965680084,0.24164094071777176,-0.027741716439547582,0.99115952348776726,0.08657902501144997,0.096629543083659619
0.86589527914658038,-0.055559288551853797,0.24115122846034645,-0.027689210014361528,0.99107143788003316,0.086827394609644767,0.09732274252447673
0.86592448897426877,-0.054753983531940137,0.24013463975470639,-0.027785346510143832,0.99100338506814267,0.086963286704637224,0.097865479451750947
0.86502021410651586,-0.052978016176612311,0.23860802280870019,-0.028716669601218357,0.99104151196917645,0.086880569570196214,0.097282275220215403
0.86436775175880187,-0.051943091129397156,0.2370994626473989,-0.029411785382333622,0.99105290641666866,0.087246998174345586,0.096628385442700956
0.86373819745049363,-0.05103564697515138,0.23544744186688341,-0.029602190593396204,0.99108836960212809,0.087192976091289606,0.09625455247317849
0.86337416642245013,-0.050203187287014235,0.23423883998776357,-0.029860011571132751,0.9910809138218194,0.087186361602050982,0.096257676668803915
0.86292066227897068,-0.048402765177177592,0.23277963966718385,-0.03041391704055825,0.99097840543383642,0.088165125286287796,0.096248139188839718
0.86294626491317783,-0.048481149682719146,0.23186573927191612,-0.030209447827390573,0.99098523260208282,0.087676003798022442,0.096688036408695915
0.86222646734454167,-0.046895512702686264,0.23046175426049847,-0.030956701252820931,0.99096585184484576,0.088132834221029188,0.0962339163555746
0.86188179177916668,-0.046286343376188116,0.22871275705523436,-0.031367576919527837,0.99099002462888963,0.08765391812673709,0.096289339188000936
0.86129213458689424,-0.044624403557676301,0.22805960426547978,-0.03204675719556508,0.99093108743587843,0.088140738347180739,0.09622783147307204
0.86125810896450172,-0.04398965596729796,0.22636356695079268,-0.032090565821447474,0.99086899983624011,0.088465938687893028,0.096553603976540905
0.86139415494158755,-0.043392869339442336,0.225682974607961,-0.032578682961756492,0.99079487172468184,0.087949034505582405,0.097617206014537342
0.86086952028834018,-0.041709964882389011,0.22427786446073794,-0.03313290291709086,0.99074889813321687,0.088382891106570674,0.097505364733164304
0.86079141954546323,-0.041780391682725015,0.22307075038197041,-0.033249525868988036,0.99073384714350476,0.088474381800222698,0.097535618718428682
0.86019161413323719,-0.040086699146165083,0.22102712897021384,-0.034125543437668104,0.99071013457670465,0.08873977829548467,0.097232341739567504
0.86028806577106065,-0.039320702252151001,0.21976079160364612,-0.034248126628700269,0.99062456503470808,0.088803471305201387,0.097999900287532332
0.85981958598701369,-0.038276809751970314,0.2183168834780902,-0.034487372027176742,0.99062258659310864,0.089281649800174473,0.097500251851968894
0.86017486692673129,-0.037339951302956281,0.21769681524246051,-0.034989055529675031,0.99044635845597828,0.089573265538753027,0.098835252390821304
0.86037373389084881,-0.03694338070670862,0.21616705781680234,-0.034898578438581351,0.99038689726956219,0.089771421708189719,0.099282298443510927
0.85988941469335489,-0.035690851336292503,0.21458240386430943,-0.035705045275793497,0.99037406965811647,0.090077245793512159,0.098845544567922036
0.86035006973021189,-0.035136657150328918,0.2132578204589749,-0.035601732116608768,0.99024405887203604,0.090266163005162797,0.10000620158399559
0.86071051887349548,-0.033773725628360028,0.21258609449421723,-0.036297571783330818,0.99004119130136758,0.090931342165690945,0.10115540925303516
0.86059824199950563,-0.032673864978602918,0.21068100853684096,-0.036298515714212519,0.98996055547211059,0.091524554891771637,0.1014089355932636
0.86109301850687936,-0.03222543179484183,0.20909901436540421,-0.036283895616524592,0.98987633483313542,0.091642498607223011,0.10212723978073994
0.86108711934688109,-0.030579209376671714,0.20764277217694505,-0.037298312352815652,0.98971399921544889,0.092254253188824617,0.10278223786806111
0.86119541652680898,-0.029989797826339776,0.20605033343443063,-0.037758802853122261,0.98963446811453271,0.092267643940031424,0.10336621405720882
0.86160589687489175,-0.029233340707621559,0.20450332118702283,-0.03783637628719691,0.9895186735594923,0.092170141260092237,0.10452687868013266
0.86189079103213828,-0.028649279940562933,0.20339229714934975,-0.037826919840372231,0.98936903364743289,0.092912620288382722,0.10528667715376937
0.8619379919586897,-0.027558829187594485,0.20084832161543437,-0.03790549453436292,0.98931449417973949,0.092823465449279663,0.10584804840892546
0.86275996759131546,-0.026804091945072762,0.20003650228092126,-0.038172952838771063,0.98907944063516173,0.093137002826621365,0.10765771913280847
0.86287353901665176,-0.026250991229200094,0.19793569209724909,-0.038016902509297457,0.98898353626960411,0.093741901272546349,0.10806820095234108
0.86333885813108213,-0.025172698877589859,0.19648045691463786,-0.038510431431536707,0.98878545038247201,0.094166841356915928,0.10932925396137379
0.86384668175241996,-0.024582424470723119,0.19523528732366818,-0.038812405695464819,0.98865475567104333,0.093866792810682373,0.11065440099967597
0.86447051030535382,-0.024353002674962029,0.19282764068614336,-0.038663307763155394,0.98847951451283211,0.094193895973120528,0.11198619550057186
0.86481561289870001,-0.022374442026457948,0.19202847664673856,-0.039375065911329339,0.98819563663197996,0.095056873866694161,0.11350409092489122
0.86485791981069249,-0.022079130264747126,0.18882317024320389,-0.039677269756178565,0.98817171712088514,0.094957687034833121,0.11368997062209005
0.86615070671256311,-0.021144548473251489,0.18875208497301577,-0.039722870966681513,0.98783500834640314,0.09474543098919691,0.11673642582372228
0.86673815097252871,-0.02141050602884979,0.18694692808226851,-0.039718975520198756,0.98772772450797619,0.09437541774806181,0.11793907641999052
0.86678665425418577,-0.020182916776081916,0.1845815678072327,-0.040023368789454818,0.9876104522582605,0.09463138794242755,0.11861123453141925
0.8678107675435347,-0.020637569440363539,0.18324829352594926,-0.040370643741432385,0.98741216273533849,0.093876834451937508,0.12072519190089349
0.86773828340430315,-0.019436219472518161,0.18018162100153562,-0.040561746974001889,0.98732795217354774,0.094018876099019405,0.12123823850701218
0.86888808500445025,-0.019604694134269882,0.17909319675760016,-0.040290359736434286,0.9870714218361285,0.093769763869222686,0.12358772791269682
0.86899729083398569,-0.018869360908408628,0.17681542348908558,-0.0407931612707228,0.98695697842550967,0.093762261925202414,0.12434017439829749
0.86983221679231781,-0.018290760135964316,0.17545683888312072,-0.041487835430048831,0.98670368136247844,0.093292080730341648,0.1264562863999473
0.87083368349795776,-0.01824054057303548,0.17380868406033229,-0.041596115100281376,0.9864852302046293,0.092706630674431675,0.12853845504625688
0.87092361125953321,-0.017687710116645428,0.17162414263645895,-0.041922618241212156,0.98638853750171385,0.092524905561892037,0.12930308973800575
0.87103174991489918,-0.017158308747298148,0.16946419170973387,-0.042160246070989331,0.9863074944220156,0.092069173834443588,0.13016646007187341
0.87189207695162629,-0.017597626000242401,0.16772428973042258,-0.042770627043848174,0.98613818473318238,0.090799001221944925,0.13212757263537922
0.87237913183079763,-0.017401300549338777,0.16595549038303789,-0.042920476560427724,0.98602518714476728,0.090052230770732572,0.13342697906033624
0.8725064082399222,-0.017242093473466735,0.16354739555374886,-0.04389415800120345,0.98595338365459773,0.089246494761675732,0.13418007052528158
0.87297156940911358,-0.01650165044423043,0.16207896095140881,-0.04431753532761467,0.98573041025057895,0.089091957567433294,0.13577237372350043
0.87306432527128319,-0.016886634252455481,0.159025619477286,-0.044466578219805881,0.98580151337305399,0.087634640809643533,0.13615531345850337
0.87338243311667429,-0.01626326361378487,0.15798888619210105,-0.045261190739773978,0.98564909871897788,0.086825577800762707,0.13750853735986154
0.87337516535339399,-0.015966849464715393,0.15538540110378518,-0.046091168874730727,0.98561086394693087,0.08601953571154923,0.13801256644782586
0.87411709805646998,-0.016477489091167637,0.15355450298649831,-0.046502173342378529,0.98550059683106928,0.084689341693912179,0.1394770121686498
0.87419508986568517,-0.01687167259478381,0.1515758603574883,-0.046969510883956685,0.98551139893063933,0.083181792485071529,0.14014969505520514
0.87445857609855737,-0.017283358434027517,0.14966593841246689,-0.0475579576786615,0.98549229530419991,0.081956926188637563,0.14080567746793696
0.87459351536670282,-0.016796126749964557,0.14753707293464036,-0.047898439812113711,0.98542676290897657,0.081548688240252062,0.14138474405888121
0.87427077108980777,-0.015544112880719635,0.14520360409444205,-0.049122960643533511,0.98534963968336664,0.080745088017569092,0.14196215366959181
0.87478217413786796,-0.016651971829780111,0.14319882194953562,-0.048895568157849824,0.98538452177979619,0.07934549747396448,0.1425863236146182
0.87469977683794997,-0.016431028744181442,0.14114838787341982,-0.049753811769173942,0.98537272231936912,0.07816504504080464,0.14302231314421668
0.87457330580226811,-0.016337311683583926,0.13867272868862768,-0.050494839998983763,0.98537708385585643,0.077393880857848221,0.14315188071054788
0.87499301125967199,-0.017050120404790231,0.13706724531442963,-0.050384037893639072,0.98535395446567353,0.076248305821730283,0.14396259584943469
0.87452193444139492,-0.016276086463643924,0.13418192242152038,-0.051610655302444082,0.98541770590990385,0.074990779132403332,0.14375210671023231
0.8754463830350061,-0.016311662740357075,0.13331925423453789,-0.051950301085364789,0.98516904269051253,0.074531728594198335,0.14556148176684627
0.87527191056905307,-0.016317261695293066,0.13114280967797948,-0.052148492104292614,0.98524717431440478,0.073555654889933417,0.14545826174694479
0.87534164193600417,-0.016511042094838717,0.12863034641553711,-0.052096531310208471,0.98524227212441118,0.073083266565382513,0.14574790836477095
0.87542635537501912,-0.016302985088800046,0.12653045210082958,-0.052613242500423103,0.98518857630700385,0.072125077576400659,0.14640112367181166
0.87568799987856705,-0.015458803189217659,0.1252253391290645,-0.053437708263858248,0.98507163905623407,0.071368660931154182,0.14725756856428604
0.87600337500643011,-0.016232098368794259,0.12320423865044722,-0.053160465539383243,0.98506053837627783,0.070784794205712001,0.14771328155155544
0.87628524828295229,-0.015752969009030608,0.12150500400547912,-0.053568407009858543,0.98494913721081723,0.070487660368804564,0.14844902362031664
0.87636236546570678,-0.016238514631453267,0.11928925271411096,-0.053861750735798339,0.9849526500874245,0.069408997627620095,0.14882734944143705
0.8766228296296249,-0.015667431573472525,0.11741321073423779,-0.054002715810654446,0.98486368929223655,0.069015355460043115,0.14954631693720488
0.87689656769481972,-0.01533630618475619,0.11561994940987892,-0.053840780525212233,0.98477447719362876,0.068817202459923232,0.15028170902023069
0.87724113848076968,-0.015585053555053536,0.11354021038669775,-0.05381051040784747,0.98473310735822317,0.068121770530661485,0.15087929156127791
0.87830188847291069,-0.015550422541980771,0.11263125649157261,-0.053189041316349529,0.98451301394879265,0.068432514934367333,0.15238780183817149
0.8788120355659057,-0.01572602264783678,0.11068216868122685,-0.053327195873431869,0.98438280908600961,0.067990005084538091,0.15337553444020424
0.87906699160896562,-0.015825800226131757,0.10915873013725493,-0.053384565546967869,0.98435936577143768,0.06735769840578941,0.15378448440882864
0.87970615122337403,-0.015933018244499511,0.10726946680959994,-0.05207286068062935,0.98425632969142129,0.067741636959283119,0.15472221968736377
0.8800818446219153,-0.015893893093250674,0.10558815029061175,-0.051876520609712345,0.98422053389795405,0.067183558283477426,0.15525829046922843
0.88079853527690233,-0.015984849183380466,0.1041313482646726,-0.051142777005477584,0.98408432566204251,0.067315396851962236,0.15630449031654201
0.88118515880896953,-0.016311026254027843,0.10183551254650591,-0.049864397252798051,0.98410825474376573,0.067335362843556221,0.15655808424518208
0.88187404341302122,-0.016394344101526431,0.10013122863353791,-0.049184082424175581,0.98399211054302327,0.066992985041465905,0.15764641569161239
0.88237755116076932,-0.015820726087020686,0.099050100405064331,-0.04909752522885942,0.98386247813541616,0.066644709256116347,0.15862704643851636
0.88332898738057886,-0.016683197074734073,0.097850230809729502,-0.04832731608020506,0.98375528054480688,0.066099143303902388,0.15975268941455334
0.88390274066332741,-0.016873334998983695,0.096421170695246569,-0.046474411944833087,0.98376498940646828,0.066339326138234789,0.16014265034649122
0.88445084875369628,-0.017044651720161067,0.094761718884529195,-0.045541952356183711,0.98369573089124585,0.06639005431931691,0.16081355754227689
0.88499081060008189,-0.017141205521910226,0.093155913591075529,-0.043810313907211608,0.98370262019080601,0.066472680709219759,0.16121784685457327
0.88591794206113894,-0.018079437914616796,0.09169201631973814,-0.042696104598670438,0.98365629885969474,0.065923673723891144,0.16202283051623437
0.88671077682889354,-0.018080247863944535,0.090657701223523263,-0.04097083954372157,0.98354394976282755,0.066315404584406601,0.16298759556121431
0.8872951898537853,-0.017968747979110935,0.089390004858945618,-0.039659203675091938,0.98348395356203622,0.066543555968021154,0.16357999819346872
0.88763950195339347,-0.018247711160484539,0.087572745821402842,-0.038686790086553458,0.98355352905130533,0.06594728627616249,0.16363600825103283
0.88848564531418195,-0.01908878588308352,0.086290736074428706,-0.036814222413139419,0.98351234244256536,0.066086296512849002,0.16425829265053835
0.88847154297303277,-0.018893654756380308,0.084021274464749621,-0.035584810932020677,0.98361478827944748,0.066119785955354657,0.16390193230748826
0.88926206459641288,-0.019166299839223012,0.08306656158286703,-0.03472320838820378,0.98352167256437717,0.066328725429273719,0.16455977205358482
0.89061898640301895,-0.020052311754794206,0.08251531289015597,-0.032842001259989276,0.98338651834458968,0.065963850632490884,0.16589493331949487
0.89115996070587455,-0.020469052835123774,0.081064136844772081,-0.031531058580003483,0.98337597682877376,0.06614355299054786,0.16614003412382708
0.89162438769827612,-0.02063967597041062,0.079614364043935751,-0.030692227304998765,0.98335108200688137,0.066157068620598142,0.16643881449494702
0.89231092712917226,-0.02116535392943366,0.07830106671343233,-0.029746325998843238,0.9833296314787755,0.065966540417399661,0.16681249201047837
0.89310381791015681,-0.021105846246711066,0.077365559937784434,-0.028707268679863718,0.98320009766794336,0.066419083620323213,0.16757674660204364
0.89344850960965383,-0.021366041501924855,0.075638607995079654,-0.028166900158479967,0.98318841120439948,0.066618879647722076,0.16765768304289955
0.89443360324695598,-0.022330381305145648,0.074478681939399827,-0.027066502478383821,0.98310660706714137,0.066414283613391217,0.16839817848373861
0.89490379758818306,-0.022831996135063093,0.072745783352839211,-0.026224859207811108,0.98307750395441063,0.066375654328431441,0.16871618325095269
0.89566904401259828,-0.022290035162402137,0.072038924111333905,-0.025173594887323979,0.98288996563589781,0.067513894510240688,0.1695154259080062
0.89588561759876528,-0.022075549128775854,0.070587045272643867,-0.025202695216366963,0.98286705216759074,0.067413925154223328,0.16968366041703092
0.89727924877212473,-0.02279638156257183,0.069988115992547603,-0.024803953632558443,0.98259487865348538,0.067056127886144679,0.17145128766227918
0.89784753741254131,-0.02444101490576555,0.068145906448672092,-0.02330592819683483,0.98265561905940446,0.066781646358097399,0.17142047646522482
0.89812993707514421,-0.024019753492760906,0.06677362781817088,-0.022989032104471323,0.98258612744213858,0.067503149861083481,0.1715789361197726
0.89961059827238665,-0.024264760623185749,0.066832980955410029,-0.022053240649254426,0.98223546199245659,0.068057796916040011,0.17347993561293187
0.90044228724335473,-0.02551605547147863,0.065476428027586686,-0.021276044702450203,0.98218125894538433,0.067408141875657912,0.17413628831220274
0.90130056660179481,-0.026057544361392515,0.064849095982500354,-0.020327797033205947,0.98203280983229668,0.067597030710581277,0.1750113782580264
0.9015008808082533,-0.025972297592318005,0.063275863832963394,-0.01984571336608737,0.98201209377785736,0.067829680476324122,0.1750929175652173
0.90205065145462415,-0.026304738103569189,0.061817912508476805,-0.019226197048663077,0.98194028628860297,0.067742334859516251,0.17559784616641466
0.90321131163809731,-0.026921185072590663,0.061644927597497054,-0.018527272119079868,0.9817162991027496,0.067893784247448227,0.17686232590460696
0.90387069022606181,-0.027700087585851681,0.060354946551107555,-0.017389615334728627,0.98164522632740292,0.067960450556771759,0.17734606865463048
0.90431381992099702,-0.027740813384210087,0.059222928982132814,-0.016585430376790063,0.98156293762271374,0.068248612561904676,0.17776740384013159
0.90465975585794511,-0.028572103495371988,0.057327790446864493,-0.016179430961209534,0.98154965614359613,0.068004154508575027,0.17797172108999165
0.90549705672778702,-0.029342269427791227,0.056579252444101766,-0.015061938918504146,0.981451581213026,0.067763116083537911,0.17870112430848181
0.9057033952160467,-0.029743975696258054,0.055183885341726288,-0.01486800058399418,0.98147834083005736,0.067328534687538855,0.17873465656369231
0.9065363285736745,-0.029197668535055149,0.05495953686316303,-0.014758936698112249,0.98119352307867325,0.067813724336581852,0.1801186910001418
0.90684373237983307,-0.030938037478764752,0.053417827940718698,-0.013362341630575795,0.98132563189116961,0.067064108258483399,0.17978836837526249
0.9073510236530089,-0.031309010103469648,0.052625587665020734,-0.012541526194785105,0.98122780332534887,0.067457202581702597,0.18023383123561257
0.90781750070752787,-0.030636460422870954,0.052032758723437614,-0.012351899429476274,0.98104490808945433,0.06825574632649907,0.18094052057416804
0.90821731012208862,-0.031611038673990996,0.050663799480350727,-0.011314126891211295,0.98104331728490568,0.068028173458829763,0.18110264426333758
0.90843057148240858,-0.031949132182844724,0.0500148611289956,-0.010705941581811637,0.98106078705378119,0.068086893088738498,0.18102289885477263
0.90875424934116633,-0.032278647846557734,0.048885201758223709,-0.0099715398768357704,0.98100508978203194,0.068153316908860562,0.18134141173089158
0.9090445765737829,-0.03263768246710709,0.047999314492770576,-0.009998644976444997,0.98097897070044049,0.068010284478715544,0.18153481029065432
0.90917222663004527,-0.033513126156432253,0.04655482898086398,-0.0093426345086269919,0.98105203559948595,0.067378167779281503,0.18141058715866137
0.90960354854983283,-0.033738624505667669,0.0462902260973726,-0.0076984687073803192,0.98098784737870892,0.068266679335412736,0.18150271999990683
0.90987179698984011,-0.033844431268907835,0.045389336122114696,-0.0082082024835850049,0.98093638097866631,0.067690861262556495,0.18197359474934494
0.91002088144990678,-0.034335620305760123,0.044167674343785671,-0.0074011016209767971,0.9809580348510275,0.067622689350539625,0.1819168201156974
0.90988463504703576,-0.03465932870509672,0.042913723895795633,-0.0070590039722547484,0.98104237587176601,0.067597473876924344,0.18148445865213675
0.91050566625798057,-0.035386033926589705,0.042767413437192134,-0.0064954939037541936,0.98095129240976298,0.067526964235034043,0.18202329405810341
0.90990922974998245,-0.034962545766669795,0.041197219803759483,-0.0061530585053005179,0.98110284444480089,0.067740343060628219,0.18113694933773111
0.91006391962343058,-0.035427270309206768,0.040413831958798357,-0.005946814797781994,0.98111922660318307,0.0674454399587672,0.18116514899974909
0.90947557744340224,-0.036567545916816629,0.038506373778231656,-0.0055712973945627169,0.98143779969926048,0.066482448451110024,0.17980236376299777
0.90969544483746489,-0.037032443014498345,0.038049291058458862,-0.0047747235346876889,0.98144501756556057,0.066583177403257754,0.1797486022137316
0.90964228720977658,-0.037539721964345657,0.03696090853264429,-0.0047499020189260303,0.98149785547355439,0.066114770785536583,0.1796336138243633
0.90885816997067759,-0.037816066481969821,0.035412469271383251,-0.0044502352928079674,0.98179216042263029,0.06589669289745452,0.17810663941493482
0.90867825317407724,-0.038114598026253992,0.034573783834527139,-0.0037563442856029029,0.98190993425038919,0.065766919528204515,0.17752037402443477
0.90856186230424163,-0.037688336669195667,0.033968161485054882,-0.0040733538304879588,0.98191406928198122,0.065855762008855692,0.1774575637861216
0.90809053443979848,-0.038102974902977788,0.032625265371828083,-0.0037427293973115528,0.98210490886809976,0.065574908128635548,0.17651025856238814
0.90756290364869452,-0.03869792199576047,0.031285313934635323,-0.0031908723872813962,0.98232557601345616,0.065295983829234863,0.17539303161474884
0.9069727228309018,-0.038079176497693316,0.030056744774737895,-0.0039330966756588375,0.98243725717887564,0.064887588881001684,0.17490330833519999
0.90684427653814992,-0.038866713726416216,0.029633545411903592,-0.0034602312703433209,0.98258297967091868,0.064618434134373182,0.17419291842838092
0.90627098179918519,-0.039515793624211447,0.02814258067326339,-0.0028801861426994745,0.98280279742477916,0.064336807629366694,0.17306397974701135
0.90529938416454059,-0.03921531009663376,0.026417781344179686,-0.0029962968721702721,0.98304080974764685,0.064283631388986365,0.17172478944866923
0.90513855742847282,-0.039420900058972301,0.026038848443933019,-0.0032225976106422063,0.9831154585350883,0.064087708848235794,0.17136620328573249
0.90448129305793423,-0.040049683997935126,0.024307917038521892,-0.002770330806190859,0.98333061326022064,0.063571016019469045,0.17032896469700989
0.90412357068396942,-0.039936349632891527,0.023692440725841049,-0.0029186483065815794,0.98342622790318945,0.063606584181345335,0.16976023743193858
0.90415180167224152,-0.040385575637558423,0.023241314704616711,-0.0026109155752284804,0.98343154150781609,0.063564280234334469,0.16975031241712271
0.90324070728196693,-0.040404838765395953,0.021264274452250514,-0.0025453484596008992,0.98363222340589673,0.063547962481270162,0.16859070776074989
0.90323528324161806,-0.040980390965689839,0.020923546691375666,-0.0024588460099569808,0.98367568528642624,0.063132600310168707,0.16849443620089
0.90295432363116235,-0.041023021951844638,0.020307772554591721,-0.0024527386752597885,0.98374354868023128,0.063065428212577129,0.1681230688138326
0.90222163269620226,-0.04131127726138796,0.01875925106979609,-0.0026089181757768076,0.9839405019065478,0.062943293362771005,0.1670102514053895
0.90176253862651201,-0.040872437299091485,0.017897805347115658,-0.0027653082172906704,0.98400041717684084,0.063107574639946457,0.16659221497215987
0.90170728606997352,-0.041342144135865171,0.017416583864475602,-0.0022723362770071271,0.98404002163742099,0.063048892163733924,0.16638782858308518
0.90141466101118817,-0.041709877144059528,0.016740777524744885,-0.0022742776476872787,0.98415251726589736,0.06244807231350151,0.16594845189005727
0.90071224156634155,-0.041884444793196779,0.015368240057182528,-0.0020262392517059742,0.98431146106677558,0.06261278995575259,0.16494387075924202
0.90061390092706195,-0.042267555741846652,0.015130634832478049,-0.0021815290858236028,0.98439087940541681,0.061993342182978528,0.16470173951498548
0.89993046230536777,-0.042390975128662987,0.013866720225751292,-0.0023797499193787116,0.98455735042122572,0.061782752469804407,0.16378049950806728
0.89973422057113439,-0.04252224736609888,0.013135077151279526,-0.002411897954670208,0.98459356621134064,0.061593982170389708,0.16363335076898114
0.89986787543109903,-0.042537815657655437,0.01329542802014104,-0.0023695160922493031,0.98456163768403704,0.061621845583021126,0.16381549115195981
0.89941558955078582,-0.042117069303623689,0.012462132082020003,-0.0021416436149986383,0.98461016323422035,0.062273709689900529,0.16327959119242769
0.8986348903060829,-0.04249575130118724,0.010866140525846738,-0.0022556943560816684,0.98481715839426787,0.061709098962789512,0.16224075776577324
0.89853284200984596,-0.042538175103973716,0.010664325702617411,-0.0025986409452230584,0.98486139702828102,0.061166650936981752,0.16217249002803741
0.89854165234595218,-0.042359404256921529,0.010429871013172026,-0.0023964257983983056,0.98482207568807234,0.061555572593769675,0.16226721130124477
0.89845773245443672,-0.042289069125988107,0.010156363457916789,-0.0021138207311791049,0.98481960627409859,0.061766036175332474,0.16220613932657915
0.89832177425391135,-0.042956940259756216,0.0095092512551483849,-0.0023030216522702185,0.98489639699401466,0.061123541027270849,0.16198054207763732
0.89783304542683418,-0.042627101386897279,0.008622209379110804,-0.0024106314185087913,0.98495890371717454,0.06126726140035741,0.1615440172984636
0.89748129080970784,-0.042476302839268842,0.0078926251604095887,-0.0022505181230177509,0.98501657445003121,0.061545855672815161,0.16108814629390089
0.89760494921517908,-0.042615905104795293,0.007524981655123858,-0.0027448104614239358,0.98495556605190993,0.061261443274896861,0.16156124066981359
0.89700857080619112,-0.042851773240746738,0.0063801738697880223,-0.0024428120399679312,0.98512379250800208,0.061065843280473271,0.16061167108411853
0.89698896616873869,-0.041844113914233087,0.0065226825566954,-0.0027855090304752862,0.98501255026862622,0.061644997765787288,0.16106648007327498
0.8972033031649298,-0.042300901112224495,0.0065684529864092067,-0.0025699270295232242,0.98497493118730994,0.061794035466584449,0.16124291484704584
0.89701736008559663,-0.042164437092449908,0.005870260924964732,-0.0026881177641868937,0.98498001120897805,0.061548514445346668,0.16130384964785727
0.89657576785739834,-0.041994443724687996,0.0050053260017473844,-0.0027718460862826973,0.98503652464144265,0.061820077341926745,0.16085285210098357
0.89670618335902597,-0.042473642449608287,0.0043375145726390757,-0.0025387135837444141,0.98497808186421942,0.061725514451593223,0.16125040789439568
0.89657631454146025,-0.042653733715609814,0.0036489005742458558,-0.0028300137199263171,0.98498345684485367,0.061284838030824108,0.16138075905089502
0.89716567035344819,-0.042296780908660112,0.0045910612204615175,-0.0029975046379162643,0.98480035484463746,0.061220346583047973,0.1625156768686446
0.89678952540534895,-0.04162702960564011,0.0036760788242888726,-0.0029884293106481915,0.98478517814588085,0.061825030613417889,0.16237884032130245
0.89714793728881426,-0.042275325761565438,0.0034786455583944165,-0.0026813135980919001,0.98468962756364631,0.061765489099325915,0.16298519037715462
0.89783841350374738,-0.043148524170830982,0.0037192357189710507,-0.0026365408920585439,0.98453653970240007,0.061384317853086706,0.16405126078351318
0.89748622481209317,-0.041940473294191788,0.003240234218049462,-0.0030761226188190101,0.98449125810877047,0.061898503011282038,0.16412213592933408
0.89777116427251813,-0.042074783438470396,0.0029405660234849279,-0.0024533809048155053,0.98435447844434287,0.062430601695971977,0.16475030094230717
0.89782266451459913,-0.042196801768194458,0.0026903653186417936,-0.0028111779884011107,0.98432493894329076,0.062135627945423419,0.16503234710938497
0.89771955539270731,-0.042356026894361257,0.0019090351916792175,-0.0024038671193435056,0.98428657716613033,0.062422449949347765,0.1651592963649863
0.89833149559504266,-0.042910211350498932,0.0018911121089204286,-0.0023854520331975837,0.98409741587354305,0.062271700849854061,0.16633947505892532
0.89841181169863915,-0.042780053673769143,0.0016997951706292369,-0.0022492168890200031,0.98402613530534933,0.062439133556338178,0.166699911997993
0.89857401993723629,-0.043203322629972209,0.0013523141747007333,-0.0015261613660724704,0.98395321926355617,0.062871862651871169,0.16697563300988971
0.89930401046963693,-0.042854374061625164,0.0021494382536262208,-0.0024475907811573909,0.98368359590985455,0.062835303195120068,0.16855953580145935
0.89950390638621525,-0.043441711770593458,0.0016120300915477281,-0.002270536293372647,0.98362602892389694,0.062554398445263906,0.16900185538477697
0.89907903613777651,-0.042876121385021657,0.00068329824408425166,-0.0020034635093846929,0.98361604767141597,0.063068121044656866,0.16887234529408893
0.89969560078963451,-0.043108583658657058,0.00099484128919465065,-0.0021321625220132611,0.98341055228634133,0.063241588582403765,0.1699989441391539
0.89991600573205,-0.043278702778285327,0.0007858507780450219,-0.0018549341129739903,0.98331543067638139,0.063117070078332116,0.17059765085688056
0.89995183034240311,-0.043563397893562665,1.8577791740664873e-05,-0.0020166970613943909,0.98324491258766733,0.063162821918557099,0.17098489035794268
0.90051996370592824,-0.043101681289255483,0.00050488046880421689,-0.0018251362210261789,0.98300064919763552,0.063681730214337637,0.17219474379814961
0.90084019519416958,-0.042962045948428416,0.00048850396841496058,-0.0020879391438649048,0.98283477228304095,0.063600958601234284,0.17316572688173312
0.90103928742402128,-0.043889180358114378,-0.00028716098176120863,-0.0018714507530287565,0.98276488281932128,0.063584430578854628,0.17357045531186438
0.90116052790650369,-0.043434849779732172,-0.00059839525814919803,-0.001927455943228368,0.98263170216285345,0.063563419271488369,0.17432990147601624
0.90085169894901695,-0.043619142020271784,-0.0016498156598884622,-0.001810122921431347,0.98264866957454844,0.063907439716319264,0.17410960567207284
0.90155541406244821,-0.043630865811963494,-0.00094642054612043003,-0.0020698309720280934,0.98241789507655153,0.063684984392670937,0.17548509337265827
0.90187379165803849,-0.043720454538271107,-0.00075005026888144699,-0.0026090198646464913,0.98232600347511778,0.063004692237000628,0.17623627511970946
0.90183424249400024,-0.043472722740589956,-0.00096554447362007245,-0.0024797334006777657,0.98228195644381877,0.063416168559814787,0.17633603866583444
0.90176976119180807,-0.044160615778301777,-0.0018120082959783151,-0.0025670229224603229,0.98229378724668603,0.062660673803684466,0.1765388509318736
0.9023835541697488,-0.044571897694681034,-0.0013204391926808223,-0.0024135243922653771,0.98213371590410814,0.062338867731408468,0.17754268375340801
0.90292346766125753,-0.045280454439994039,-0.0011425956527965492,-0.0030077121561090611,0.98201431277533979,0.061269871991570801,0.17856328278260233
0.90308496873605104,-0.045172807188429157,-0.0013222493452899053,-0.0037453895203126996,0.98191015497004985,0.06078147703124244,0.17928756698091061
0.90352487592083852,-0.044891330907733916,-0.00073442294172390565,-0.0039709847085094415,0.98172322418537139,0.06126887651343059,0.18013846659252447
0.90391559741217731,-0.045852844159489752,-0.0011181922857182447,-0.0036851933253635185,0.98163592189691806,0.060314655887660461,0.1809405385116773
0.90426320423136342,-0.046672891295542529,-0.0014393285611667139,-0.0037104557026313941,0.98153205911977182,0.059789989143899346,0.18167610364809175
0.90454692295149042,-0.046431380683491251,-0.0012041273110096479,-0.0048385543405947981,0.98139316472195681,0.059128501024517596,0.18261397809452923
0.90506366993903853,-0.046719111328182641,-0.001550335827624566,-0.0048458781791259047,0.98114492669593756,0.05873995162745875,0.1840672930378999
0.90538351140903273,-0.04738149096313729,-0.0019026111328166312,-0.0051047963086980879,0.98104236943324707,0.058157536627093588,0.18479045258052609
0.90621025178486747,-0.047304888946339038,-0.0013639736302171052,-0.0051346152106359604,0.98071718348344783,0.05798331522039446,0.18656199211786026
0.90612896849895597,-0.046915259967109206,-0.0020671519089282692,-0.0058635370226147341,0.98059801908497291,0.058009777116615049,0.18715771333047523
0.90690559396238468,-0.04777074143785312,-0.0019071729404160076,-0.0060391449133565707,0.98035053202216449,0.057277104967204624,0.18866821761799338
0.90712873463619115,-0.048361603698346231,-0.0024727477420732613,-0.0059485509984605603,0.9802349399775947,0.057118817123762704,0.18931856200204539
0.90730466357101447,-0.047802629725521517,-0.0024736426709425635,-0.006092487395544635,0.9800839497518653,0.057125258983544973,0.19009218243310591
0.90760233260883605,-0.047924794433267942,-0.0028752750850302017,-0.0063953786707291009,0.97989606040625543,0.057019723911133163,0.19107998591442413
0.90804740896354241,-0.048556554708367394,-0.0029535407583934359,-0.0067286772499801535,0.97975668998503973,0.056168504064432509,0.1920329463482458
0.90828180539721926,-0.049006323067131798,-0.0032818095137260583,-0.006891127684866629,0.97964406360521317,0.055939408510459122,0.19266759867138072
0.90903935839289218,-0.049896137159937987,-0.0032581223883665772,-0.0070371227795385464,0.97938818435224018,0.055201323563243136,0.19417022720045019
0.9088979037873649,-0.049773117760579882,-0.0039013381889862198,-0.0067896570503674231,0.97934908488363848,0.055505721048769434,0.19428943724653355
0.90874871664097923,-0.049732150373984638,-0.0043450849645828293,-0.0070812490715856363,0.97935298730479314,0.055209243896654207,0.19434382304854442
0.9088711540833383,-0.04999457470960926,-0.0049972787060898194,-0.0075126838948881194,0.97924587429940224,0.054539053119516553,0.19505529711628347
0.90901162762704535,-0.050575735091416288,-0.0050066546841000398,-0.0072263133401203163,0.97924883130355433,0.054592429728247002,0.19503633867179723
0.9091857079453648,-0.050950341223048069,-0.0052379180031084799,-0.0073458336412007413,0.97917412040591834,0.054571219677648504,0.1954125447311563
0.90941600263208011,-0.051870130690915804,-0.0055095167473508261,-0.0064431204203588537,0.97914670772753176,0.054213029810753467,0.19568126722893736
0.90902531184155921,-0.051434929548515529,-0.0062349486799927328,-0.0071773084468049744,0.97918173609904902,0.053909152483710109,0.19556435567863634
0.90982068720449183,-0.052248315477306899,-0.0055915808162692593,-0.0068947807232286225,0.97900186333923434,0.053366121471672107,0.19662113481555479
0.9092981886942324,-0.052364652630059606,-0.0066549290679537437,-0.0070507746028439077,0.97911730561669619,0.053142567247091994,0.19610062714277446
0.90915935916174928,-0.052825683030287313,-0.0070257212469762159,-0.0067973795976688147,0.97920085137068147,0.053000432022721561,0.19573053545868357
0.90918143797782791,-0.053105507926205303,-0.0075768618178126829,-0.0074070160500159824,0.97916300808022216,0.052592695710988527,0.19600752046382575
0.90873888106835587,-0.052750401753681814,-0.0080417818307386701,-0.0070968683567373732,0.97927342174434595,0.053057130254630845,0.19534108849341161
0.90865177064049429,-0.053761528480380301,-0.0087128428741952701,-0.0065974795720712227,0.97936230196283847,0.052590198490354539,0.19503903655445873
0.90849816516474935,-0.054018178594879625,-0.0093334399289148745,-0.0065470905304825253,0.97940680584780893,0.052356554055409801,0.1948800541667135
0.9079820381521807,-0.053491238675722322,-0.0097984720336856818,-0.0068264547877056247,0.97951314091980479,0.052505511734425241,0.1942950784707535
0.90819635473827909,-0.053533264244767245,-0.009967362901542029,-0.0063242026569653807,0.97939955523495836,0.053106072400837881,0.19472098176744215
0.90833388198810816,-0.053423971678593654,-0.0098976004871851042,-0.0060375300934322907,0.97932378379011342,0.053400161455900735,0.19503050399840063
0.90786376321711559,-0.053295474563945122,-0.01065721101960157,-0.0062321763565617271,0.97943346892185712,0.053461382185828785,0.19445596043407729
0.90795142817475571,-0.05347709239530183,-0.011049817671948542,-0.0060592269557058244,0.97936508848394455,0.053513948918618402,0.19479108423814109
0.90823668193822571,-0.053342962319855261,-0.010616332136742748,-0.0058853312341387966,0.97924073277805923,0.054013804884260712,0.1952830228834018
0.90852656281900146,-0.053894594527318387,-0.010734253525294932,-0.0054176750060947161,0.97917333528165484,0.053887110718100449,0.19566912778817122
0.90882548322976653,-0.054097281146400375,-0.010271321306219938,-0.0051972034360129029,0.97909941762095343,0.054194302338629027,0.19595993744840862
0.9087767939352599,-0.054214352120130989,-0.010460688394468065,-0.0053398799415585885,0.97910805212476471,0.053733761487430982,0.19603976847331475
0.90940563820778142,-0.054062404537939951,-0.0095637759238839382,-0.0053024534333278974,0.97890618091778969,0.05433280793384089,0.19688199239788201
0.90924436497180916,-0.054007869109217503,-0.0097490681415980801,-0.0047065534460033458,0.97895017366813342,0.054675366327006723,0.1965833414783647
0.90857360248714469,-0.053117012326867573,-0.010205276951343364,-0.005006295575221047,0.97908856996455362,0.055268939193024738,0.19571881240661776
0.90870835252730886,-0.053192486575670869,-0.010080820563070456,-0.0049443394494181033,0.97905878853481687,0.054871863517800885,0.19598091920957475
0.90848238660044156,-0.052760954461481602,-0.010218326014596268,-0.0052385350372073916,0.97909090769055807,0.054909601748528859,0.1958021651161222
0.90901923435380538,-0.053921218198174262,-0.0099267152265700015,-0.0048126651981440513,0.97902302466095226,0.054630033006832127,0.19623025997812768
0.90875892634843314,-0.053052641870466523,-0.010301886101261828,-0.0054504759960463832,0.97898137893509685,0.05463840588595667,0.19641893139917668
0.90877213461293627,-0.053980689674808846,-0.010599838378007986,-0.0050688484772583239,0.97905223237062311,0.054743046050693453,0.19604650462149487
0.90871895488874099,-0.053145807328998013,-0.010298307181420899,-0.0052934010016847137,0.97901445900657269,0.054767993753873111,0.19622215935535678
0.90828704243594971,-0.052984854420837869,-0.011101088333535361,-0.0058112428331933263,0.97909827106562808,0.054240791698401132,0.19593555463203327
0.90895147605728377,-0.053487201064802044,-0.010271994627170836,-0.0058341850298562654,0.97894104789856129,0.054259515307660003,0.1967137311498165
0.90852856392929993,-0.05330200530964517,-0.010881720693882033,-0.0053010325194523776,0.97905360046249734,0.054473094126897367,0.1961087160018414
0.90858119803998105,-0.053241553441190359,-0.010867782931547942,-0.005038401586660482,0.9790189871468703,0.054812106590653401,0.19619396088173233
0.90831974196657028,-0.05364968292421575,-0.011257159533385144,-0.0050553214211935408,0.9791374900175992,0.054616611454029934,0.19565593556200675
0.90855015050027743,-0.053605761153899992,-0.010913214670443247,-0.0050554264926147615,0.97905971051085605,0.05469711431625008,0.19602232424612234
0.90948566001432651,-0.054044163349043467,-0.0099249957222843493,-0.0044752449874521779,0.97880112226315719,0.054991024662644584,0.19724178676243723
0.90908813279150125,-0.053810474423896429,-0.010266473312578683,-0.0040491763398284369,0.97891387375290351,0.055314885548833279,0.19659983566059594
0.90882546756192406,-0.054047314211393249,-0.010888699463962564,-0.0040370356012642255,0.97899153159962948,0.05545846233417135,0.19617248113661426
0.90907569005884215,-0.054354522885260048,-0.010545260769395937,-0.0034052801706564821,0.97894807241677528,0.055830362101740465,0.1962958131138518
0.90890757656663479,-0.053519321749507277,-0.0106833493293568,-0.0037001636012764169,0.97891399877738861,0.056079093654341168,0.1963894779307036
0.90908222783555559,-0.053237045274245318,-0.010058688938429428,-0.0032395594199309458,0.97886685255403239,0.057028864041258412,0.19635910697467235
0.90906856479933085,-0.05384117817440498,-0.010376845194668263,-0.0031382288093747112,0.97890653651090354,0.057011087004874644,0.19616798988288095
0.90902441971577042,-0.053890486555228531,-0.010267640303100414,-0.0027164521924932213,0.97894653378062801,0.056925047117183936,0.19599960177787645
0.90854057282002842,-0.053814798755543201,-0.011069268870645396,-0.0023935388212836272,0.97906435895958421,0.057286049362898599,0.19530888493706852
0.9084937647633069,-0.053933976066888344,-0.011086047782700656,-0.0022612723172744692,0.97909909233808901,0.057510505041718979,0.19507023309588795
0.90864552912020324,-0.053858969238978906,-0.010995836257518585,-0.0019279100800739092,0.97901533852711287,0.058196635287959854,0.19529055720266184
0.90882500435981106,-0.054236473236405423,-0.010603540328752922,-0.001531314462669097,0.97901934584486516,0.058164648980717965,0.19528350966340907
0.90869548292932001,-0.054162203583305868,-0.010781892054733302,-0.0012935469365853488,0.97905795555013664,0.058426039382482392,0.19501344654250491
0.90900004384039157,-0.054065427882182604,-0.010382038768328897,-0.00058623280304065102,0.97893461823080186,0.059218880212393271,0.19539650402912873
0.908858574676076,-0.054524696952581359,-0.010752690214989383,-0.00033268178060121294,0.979016789776333,0.059077386990630941,0.19502788776284233
0.90922250760682111,-0.054850191234707718,-0.010543937278306145,6.2156577836719343e-05,0.978903938059416,0.059294177327466925,0.1955281993048216
0.90922971744015479,-0.05496161092773235,-0.010326887529562803,-0.00025308873579726106,0.97894689982729588,0.059128817562982716,0.19536296014910765
0.90902936101509424,-0.054654771646393353,-0.010466087349908795,0.00031370763974948731,0.97897773480356609,0.05968290803504063,0.19503960324733147
0.90916068144044848,-0.055263161557928181,-0.010495188620689225,0.00095289795887779907,0.97897962390762228,0.059904517179131714,0.19496009022542454
0.90955160102097121,-0.055276073168105712,-0.0099675243396500357,0.00073013558418688629,0.978862743960634,0.059717840466302921,0.19560412806975339
0.90898914876906933,-0.055595452557518056,-0.010808450131316857,0.00079955509359041577,0.97905446066290314,0.059531673788839883,0.19469900765957632
0.90895410223762529,-0.055344633524896485,-0.010819782277729326,0.00050319625889703773,0.979056517055788,0.05949702072647621,0.19470025097258589
0.90897170053329879,-0.054680528409573506,-0.010460384489572996,5.0299089664240201e-06,0.97900778222772744,0.05986033100843216,0.19483455310546913
0.90911474835924966,-0.055517936351344194,-0.01062285095352529,0.00039895282811245214,0.97901338618528477,0.059508008817077192,0.19491389738366577
0.90938321035126601,-0.05550603338832074,-0.010190556811415563,0.0001809588079308457,0.97894582335884162,0.059226699251471053,0.19533878334310731
0.90908109513149715,-0.055254796562900076,-0.010630116822173463,0.00021777364924853128,0.97898513961840539,0.059173523859530779,0.19515773890628738
0.90892608143001397,-0.055034475434607558,-0.010989342875353927,-0.00032298966296407782,0.9789763064428626,0.059192459071657814,0.19519615746786204
0.90898125785459349,-0.054744559475790114,-0.010581918428625922,8.6902570083872025e-05,0.97897741177133291,0.059299675956745138,0.19515831553093155
0.90850765151215973,-0.055019160625439781,-0.01142223520766722,-0.00045909783016259828,0.97913723548344078,0.05874453608644644,0.1945228593225376
0.90894848711047282,-0.05527344073604161,-0.010814738159070469,-0.0007161632770322651,0.97902980909078618,0.058447281724013138,0.19515131380775608
0.90903794331033871,-0.055227335622732424,-0.010814245980496684,-0.00076835361007342434,0.97899799849618163,0.058190678001836117,0.1953872400308862
0.90870845641186748,-0.054673368822193792,-0.010860804674004507,-0.00093051830927072402,0.97907021983909437,0.058599792535785934,0.19490177801822817
0.90891248582133233,-0.055305482336172399,-0.010999773628141418,-0.00074311167926965752,0.97903936388941559,0.058139497190936758,0.19519521153559527
0.90891120431848105,-0.054858039722992025,-0.010814027642581284,-0.0006849500808254771,0.97899786393517607,0.058425869689267926,0.19531802529413933
0.90884378966822832,-0.055315931678703495,-0.010910564672952677,-0.00080940555946303874,0.97907993819381856,0.058193745119160568,0.19497514589822768
0.9086707242473,-0.054602272370558577,-0.010899987872420455,-0.00089980795190304117,0.9790778663924713,0.058458562323876029,0.19490592186242447
0.90909560898132069,-0.054893109147983753,-0.010436637184261924,-0.0011155201553555002,0.9789710291396595,0.058153667622006085,0.19553166153369733
0.90863640466150375,-0.054856753298560691,-0.011217636735856115,-0.0010532688016697128,0.97908555468592462,0.058223931531100385,0.19493676161065338
0.90878211380251428,-0.055025694685583125,-0.011115476818921555,-0.0011158342219255782,0.9790605506791259,0.057762573143157039,0.19519907315803886
0.90880410435650538,-0.055306023719525074,-0.010989983017996197,-0.0013211093646419273,0.97909609109493012,0.057519210220873543,0.19509136200314514
0.90827719602364532,-0.054308657151954168,-0.011428339446939287,-0.0014059056380545749,0.97916426245732957,0.058193325083417784,0.19454795673937711
0.90901224968071481,-0.055327245360699544,-0.010811400862119236,-0.00092875085886338828,0.97902247082250871,0.057760274926436414,0.19539163156812764
0.90796652236689512,-0.054352089905525001,-0.01199070850680814,-0.0015129820179131696,0.97923152618126219,0.058302082988212142,0.19417568369228261
0.90839837337192963,-0.054472302865266164,-0.011311117761668169,-0.0016461527069837273,0.97913756597768864,0.057604791790417331,0.19485534387164155
0.90907533814094899,-0.055171640695993965,-0.010649475232787919,-0.0014771535157176725,0.97898635977235371,0.057468567883898258,0.19565502575334126
0.90893414573242226,-0.055287252586093148,-0.010979713600765176,-0.0012229565144171906,0.97902908426454005,0.057446771379840583,0.19544929009728423
0.90830288739592735,-0.055502143880225216,-0.011743525485827258,-0.0011496151067203965,0.97926440591854957,0.057073610202860676,0.19437722269985452
0.90899363685942003,-0.055150587445054092,-0.010578919029316791,-0.0019624652751959433,0.97903162352899165,0.057053825104762874,0.19554562102268033
0.90829815543898429,-0.055157059065197384,-0.011649404010313946,-0.0014469662266416014,0.97921506676149361,0.057328884849590228,0.19454860132605756
0.90858334168574195,-0.054934907843447983,-0.011303003464294428,-0.00149016074903266,0.97910372432256065,0.057432591256505613,0.19507735363233886
0.90859454071112511,-0.055252455410956768,-0.011376545006061056,-0.0017327373666839059,0.97914959735377993,0.05697127885198168,0.19498035031540709
0.90819839893358056,-0.054777624511722488,-0.011822464795412116,-0.0019256651711381872,0.97922078303223281,0.057134987812292329,0.19457271920564548
0.90856669695652992,-0.054921740375804634,-0.011082809741127783,-0.0021013265112931291,0.9791470560634975,0.056862664895345257,0.19502118954123629
0.90834948064220389,-0.054816621523921728,-0.011553446498654751,-0.002469461030126872,0.97918959440671149,0.056633881678794594,0.19486981144813878
0.90862733836595233,-0.054714829254095182,-0.011059391730200235,-0.0021208888434264732,0.97911047401791107,0.056792363683965945,0.19522502126040042
0.90877790960886518,-0.054589685285730515,-0.010605014548228722,-0.0018761135606655311,0.97907049017287684,0.057028514352522736,0.19535916671938999
0.90824827312031275,-0.054770474695852993,-0.011533587543443274,-0.0017304396462845689,0.97921988237797808,0.057066687660718624,0.19459912819363684
0.90862774646735367,-0.055626312219537621,-0.011272273734139041,-0.0014970193483572782,0.97918915029313891,0.056775459050345818,0.1948407404289309
0.90854427239063251,-0.054985570398005029,-0.011248130624979757,-0.0018966046392617762,0.97915127082195164,0.05698632190439986,0.19496602487204703
0.90829256999231811,-0.054720363941541887,-0.011642706645652395,-0.0015897037272846238,0.97918148457782606,0.057265525812149047,0.19473508326822467
0.90872980367491685,-0.054819634097332717,-0.01102710383240281,-0.0016347573519207509,0.97907076392426617,0.057281924900972954,0.19528581074106199
0.90834902627654446,-0.054996609735109364,-0.011407977706917038,-0.0014935966303456655,0.97922049093845753,0.057288624420759063,0.19453280650658775
0.90830395444766687,-0.054873726644380942,-0.011530726289862514,-0.0016070307827059137,0.9792169879582131,0.057429320328453909,0.19450804896641258
0.90867935486230089,-0.05529118522840968,-0.011343340278959599,-0.00095978920716511228,0.97910905425481698,0.057656777944477745,0.19498778074017137
0.90852958194010647,-0.055244968728941656,-0.011526048090737692,-0.0012313619235735957,0.97915188096418559,0.057201126587127345,0.19490538440298213
0.90849401530682727,-0.05443444636272244,-0.010946797512146486,-0.0019550107374985783,0.97914581047463023,0.05734939056607815,0.19488639553518197
0.90866261554863514,-0.055277834802135419,-0.01112320944428731,-0.0015710546763100502,0.97915285179280076,0.057087007044346383,0.19493152192487612
0.90856026209681884,-0.054949071820430774,-0.011103345564443562,-0.0017493961496799864,0.97915053758000414,0.057031506159121968,0.19495787153927044
0.90815367864251706,-0.054947639209826753,-0.011700829232038024,-0.0013834315358572313,0.97925702420629623,0.057325175098397595,0.19433885602152037
0.90837988593349384,-0.055034756186187125,-0.01152326687747561,-0.0018408273464332679,0.97918329775922297,0.057258346384451507,0.19472586503433981
0.90851657141410247,-0.055048914799279342,-0.011359293698986972,-0.0014260102901536916,0.9791463069575943,0.057357388639043917,0.19488613607557317
0.90853072111616062,-0.055133794395091286,-0.011121222902960318,-0.0017161955022183884,0.97918577094669645,0.057097617866104317,0.19476175877861263
0.90825780352368035,-0.055319374299834918,-0.01199946236618489,-0.0013683488776761066,0.97922880009097446,0.056985934991527883,0.19458080045801271
0.90859243412286328,-0.055434115267422736,-0.011403878850006113,-0.0014044875680996193,0.97915563575708242,0.056864518640314637,0.1949838324057159
0.9083473290916112,-0.055058268065773096,-0.011447790771317704,-0.0018481247756148469,0.97922866320679569,0.056792624935619034,0.19463403438753443
0.90824319665220743,-0.055185004705214882,-0.011872434984370558,-0.0019178093004556833,0.97923129533631126,0.056646362223864898,0.1946627388286214
0.90811854438301354,-0.054635783805563227,-0.01184502887174356,-0.0021614262818202097,0.97922531562782344,0.056987755103375191,0.19459060932710956
0.90885252799224314,-0.055266318272082511,-0.010909075593886097,-0.0013327977575138556,0.9790750075132284,0.05710693417423042,0.1953180774591271
0.90856684298385648,-0.055315768990692973,-0.011487668581986396,-0.0012621327210329237,0.9791445436210916,0.057342386352454686,0.19490053987981873
0.90860415071165979,-0.055243144338951652,-0.011252250152951795,-0.0017969823720050215,0.9791512312936399,0.057073213514496519,0.19494174876006562
0.90833162792201072,-0.054586309286561351,-0.011367412580882585,-0.0013942882948833793,0.97918041566920389,0.05756689263973553,0.19465308217914506
0.90838026379379255,-0.054690563483421301,-0.011483443352758277,-0.0016526614309576944,0.97914418712741302,0.057415373659192824,0.1948779217673664
0.90828232661387542,-0.055050980952581562,-0.011597306171106575,-0.0019098703538776751,0.97923009668723349,0.056910362301591341,0.19459183127727797
0.90841111986928202,-0.054952724016110704,-0.011650933514006756,-0.0021202684721554985,0.97914935806725101,0.056988410374340201,0.19497271640181441
0.90834906959266304,-0.054936841695297299,-0.011541144529982755,-0.0017863923841758844,0.97918793611634036,0.057022949477014258,0.19477211761290103
0.90837468211701933,-0.055115284836607575,-0.011324210519290487,-0.0020110553581071931,0.97923084432068175,0.05673588474875791,0.19463799364237011
0.90863789494121605,-0.055272772808026789,-0.011108182383741602,-0.0017486545245552606,0.97915106476036573,0.056959735008649537,0.19497621181503288
0.90827391561763915,-0.055282867857671857,-0.011854694873329741,-0.0017844170302612806,0.97922712417265156,0.056919125274530066,0.19460541698113967
0.9081709465746266,-0.055298419093941127,-0.011874512073988194,-0.0019633000077414991,0.97926413066411166,0.056744037603237672,0.19446856312582714
0.90788501549036704,-0.055205346420012999,-0.01225557943426038,-0.0020206879940736161,0.97934786879773028,0.056643556218410315,0.19407518192779372
0.90819629203738772,-0.054959310954791125,-0.01184986060856201,-0.0017851573762165565,0.97922659820323465,0.056990753891396968,0.19458709246852277
0.90873078392322204,-0.055386832655264395,-0.01120010951513567,-0.00082273647904850498,0.97910980801245107,0.057422154400533477,0.19505384677700877
0.90832316243854649,-0.054795664177166602,-0.011415352137238655,-0.0012768158973680546,0.97918890026421734,0.057516548945745913,0.19462608750598892
0.90817852189620718,-0.054893222950656427,-0.011849137696092568,-0.0018739173238129605,0.97922567332118826,0.057112013408704532,0.19455535733290225
0.90851486526314384,-0.055110433496308862,-0.011399041375067698,-0.0017807300455179071,0.97915449733956794,0.05686152141337153,0.19498735016087582
0.90830216484168547,-0.054711156657640439,-0.01151843336176267,-0.0018415692806523468,0.97918277239293183,0.057330021091236825,0.19470741011362422
0.90810696038833338,-0.05431827309349857,-0.011771513736161254,-0.0021063677888019036,0.97917923770627424,0.057411611751747672,0.19469846043501396
0.90776634770362652,-0.054972621346011261,-0.012247293675049106,-0.0020537529534125267,0.97937879449563348,0.056808666688486061,0.19387040614844467
0.90802222156543455,-0.054710557696992262,-0.011866730023852565,-0.0015679030799698546,0.97926122334958565,0.057449779642944079,0.19427949182243134
0.90832074028043552,-0.055344196618823782,-0.011692025819802249,-0.0015038786174501608,0.97922204523186329,0.057237041898894107,0.19454008716893029
0.90851310274219355,-0.055007910371899948,-0.011253578947635554,-0.0019100059298755203,0.97915252261203611,0.056990531918962209,0.19495837661261953
0.90853559814544893,-0.055337852599269433,-0.011493113784975958,-0.0012756784969237011,0.97914580009047814,0.057346629498110382,0.19489289082661951
0.90764486457058624,-0.054404679488507503,-0.012458572560880746,-0.0019183495898099732,0.9793345049459754,0.057288309347446616,0.19395436826528087
0.90860845585534789,-0.055397687736439577,-0.011259108616304123,-0.0016327083719258652,0.97915427762953411,0.056834916552059016,0.19499750542937258
0.90815903396320463,-0.05472455300948878,-0.011702843746631886,-0.0015286883509492157,0.97922367197972804,0.057474236608348099,0.19446175838131144
0.90816716526964314,-0.054799712207557368,-0.011827896054981482,-0.0019392757874157538,0.97922202792362623,0.057139267387278113,0.19456506202555188
0.90838986408784816,-0.054681525761899469,-0.0113591380571052,-0.001716587649868809,0.97914578731805701,0.057517118023572573,0.19483932261842124
0.90836855831775942,-0.054941250732771396,-0.011501986495377495,-0.0017184323559998301,0.97917999210833373,0.057322924966838051,0.19472460635011649
0.90837988593349384,-0.055034756186187125,-0.01152326687747561,-0.0014653151256628393,0.979183931704115,0.057333018606726141,0.19470389241485275
0.90823239571038938,-0.055434546547970226,-0.011971936478035211,-0.0016137437879651271,0.97922371463579327,0.057098462102666558,0.19457152451316184
0.90785323791122963,-0.054769537474907037,-0.012320101915243742,-0.0013382485590657397,0.97930114968821769,0.057446957324149658,0.19408069044685197
0.90826088990671838,-0.055086713658721788,-0.01168794021595794,-0.0019791478508287682,0.97922146316892167,0.057075460870879273,0.19458622975297557
0.90825723343625797,-0.05424403258567527,-0.011601363033392487,-0.0015790797848710637,0.97914045616122358,0.057665065564479437,0.19482354536571958
0.90855211912910494,-0.055016850556506833,-0.011175160172743392,-0.0013987409669653278,0.97913714381279715,0.057665144386226712,0.19484154652625044
0.90810043178750843,-0.054749289621573417,-0.011698427632072891,-0.0014620706501321467,0.9792543883339474,0.057726405916351448,0.19423276587152147
0.90820766277157439,-0.054888429038878708,-0.011685617835429221,-0.0014943807071547048,0.97921988448234043,0.057588490173426238,0.19444729481337422
0.9081063307519267,-0.055006508552261045,-0.011851065577708458,-0.0019194656649981915,0.97925840909360473,0.057209739787751082,0.19436133757628149
0.90761162338273915,-0.054833700819185746,-0.012543478965541199,-0.0017231947680264531,0.97938421621606209,0.056788491837457614,0.19385214680644747
0.90829828222234388,-0.055408143694116993,-0.011857285481569529,-0.00092336851390104307,0.97922648111754496,0.05743514412401645,0.19446297922276015
0.90829171691407651,-0.055184525779479486,-0.01166995622200484,-0.0014703074521323644,0.9792177522426071,0.057422888411904564,0.19450718180922383
0.90824714762648051,-0.054574597942923998,-0.011556056512666946,-0.0015238162739765039,0.97918983270173787,0.057384531361880743,0.19465858593415114
0.90858703837444743,-0.055433473257047207,-0.011349785716214367,-0.0017020446620355347,0.97914568510215028,0.056999901287233215,0.19499190148069026
0.90841361651692099,-0.055064316029399492,-0.011379216788262536,-0.0014171441915162447,0.97918377778921173,0.05721957982525696,0.19473839041495986
0.90844270778987213,-0.055223983634690957,-0.011401196649338377,-0.0016384373591235501,0.97918771366584423,0.056996392073300726,0.19478230982176964
0.90807423344844518,-0.054855674920498712,-0.01208826830281548,-0.0015298093106959161,0.97921835408925484,0.057627797250285037,0.19444308082902848
0.9078566151730072,-0.054416737993972397,-0.012021090930793218,-0.0022570535961631139,0.97929646770404588,0.057222472781787333,0.19416210407847478
0.9083254581403799,-0.054269468154404192,-0.011348064252572621,-0.0017928630661110732,0.97914301401394288,0.057705954589558878,0.19479673137562062
0.90834757563458113,-0.05454970517461516,-0.01122260048897944,-0.0016227305986324348,0.97917905125775984,0.057537386946955912,0.19466689864143344
0.90803035775705188,-0.054785640605301042,-0.011991772446060756,-0.0017908527470548005,0.9792599263034435,0.057152192021774073,0.19437185117634553
0.90819455965605633,-0.054856732090325183,-0.011704363419084221,-0.001914459434018232,0.97922458939242973,0.057119812447282849,0.19455812858960786
0.9084249576810236,-0.05515789022643576,-0.011400475655863579,-0.0017272216912880385,0.97918680401872371,0.057117639532471176,0.19475059639206604
0.90864146070288376,-0.055253970404233015,-0.01134697265141775,-0.0015575210649459506,0.97911221015247918,0.057060956582299115,0.19514328400529932
0.90827828704103175,-0.054328347822302829,-0.01149829552867257,-0.0015777828137755901,0.97914566979087525,0.057739589752682341,0.19477527488457805
0.90838583663124328,-0.055291844948072558,-0.011675661275664301,-0.0021106612916796728,0.9791873185089055,0.056778986191216123,0.19484323726357314
0.90819794894548267,-0.054837981790090577,-0.011943142481545557,-0.0019109376536850917,0.97918548526128635,0.057183639731035907,0.19473614230032987
0.90820764914207186,-0.055052829823005245,-0.011871066193205632,-0.0020953254035463234,0.97922949437909934,0.056888875933858864,0.19459923623819592
0.90806895310091906,-0.055847318282020109,-0.012101955510375587,-0.00126397758676062,0.97934391701962265,0.05705167867385285,0.19398195925863371
0.90810469581778552,-0.055068545683518343,-0.011890909640203812,-0.0020863154722749926,0.97926686538053265,0.056751030093041742,0.19445147013821937
0.9082953868777055,-0.055246984866525309,-0.011763916066534694,-0.0017152762602792068,0.97923568819902251,0.056754068434345828,0.19461115204655513
0.908129519923767,-0.054908960859970379,-0.011720545840439023,-0.0013078300359095757,0.9792590017472278,0.057577815442400627,0.1942547097151088
0.90814898440360836,-0.054853782583011997,-0.011814559603138763,-0.0013446443806715985,0.97921885986478407,0.05764932507406418,0.19443552076487233
0.90798188637525701,-0.055532713349081789,-0.012221396559730716,-0.0013887795376161837,0.97934150282943222,0.056984045081756023,0.19401317154591799
0.90817886341465559,-0.054384702925459771,-0.011623705029365217,-0.0012725475858777055,0.97917638830606812,0.057931173102413892,0.19456608232038813
0.90839886652500523,-0.055323654494868334,-0.011657066744762981,-0.0015027283940051408,0.97918316062928001,0.057284965318377047,0.19472162821807948
0.90823011928927944,-0.054988903164297581,-0.011705784067965144,-0.002300230634481162,0.97922525085404877,0.056765345017137252,0.19465434142073243
0.90817500699032006,-0.054688086249869879,-0.011558062818298062,-0.0017569985713461011,0.97922228423665003,0.05744472915310464,0.19447553600107237
0.90848706427139603,-0.055173788771150971,-0.011510271482718201,-0.0016855615013693008,0.97914896391235784,0.057157804242779164,0.194929348139077
0.90871727784368772,-0.055475135333576675,-0.011206307195374313,-0.001498345337438196,0.97911106547467275,0.057155527482963833,0.19512181350234895
0.90821233523200717,-0.054922818635183286,-0.011705086121550287,-0.0018256988966708523,0.97922551773095778,0.05699855469679109,0.19458986872536202
0.9082911057074996,-0.055469207087855507,-0.011842994891431896,-0.0012000729792735433,0.97922554167021691,0.057149434007660774,0.19455035481365487
0.90840651897059976,-0.054918600510207749,-0.011631499406987003,-0.0012255528972624828,0.97914470259521214,0.057690307678493681,0.19479727359434629
0.90811297624852061,-0.05523019482591323,-0.012038330513580178,-0.0017479909384456377,0.97926677326244027,0.057147385852500225,0.19433915612164551
0.90848941878796718,-0.055285354439286921,-0.011238501218384031,-0.00098253902457425706,0.97918304101407616,0.057388943470349417,0.19469493053196932
0.90811946378930586,-0.055038098363653233,-0.011832184943230808,-0.0011238197508542005,0.97925410961813009,0.057752947728137015,0.19422853254319292
0.90791345931499146,-0.055506988406079524,-0.012474548995687729,-0.0013631789535901104,0.97933856220645321,0.056905899274670602,0.19405112972172747
0.90830130800591358,-0.055339966269349644,-0.011731141030923986,-0.0019472908136380189,0.97922932228374904,0.056862344534854919,0.19460939394642929
0.90835745404924573,-0.055098660687491509,-0.011688517260995471,-0.0010726748594286585,0.97918815949558047,0.057493882780726348,0.19463774329533301
0.90825670891458132,-0.054708254565799405,-0.011628535671797807,-0.0010840490753609927,0.97917713723251754,0.057896860575474378,0.19457366803922341
0.90828523671585959,-0.055376390943977616,-0.011875901108777634,-0.0017190552295872591,0.97923075194068399,0.05689187449747609,0.19459571916916391
0.90809471828052601,-0.055988438746677346,-0.012227665627832174,-0.0015861109250187161,0.97934323034872717,0.056595485477548203,0.19411664649332486
0.90812634671337411,-0.05458356046021208,-0.011441956429245961,-0.0016866922609795926,0.97925813373729809,0.057559075903793396,0.19426171871900624
0.90777340147981911,-0.054687524283019318,-0.012209401518351287,-0.001468727435939161,0.97933789480607836,0.057528064308120332,0.19387019485593576
0.90847219494414311,-0.055099050983156886,-0.011250229866312397,-0.0015666740460178006,0.97918478605575965,0.057158593008526423,0.19475008481296147
0.90806780158548217,-0.055107008183211355,-0.012161099488288918,-0.0011105311850217424,0.97926437979412928,0.057437181907985219,0.19427045920925698
0.90794758281402876,-0.054771710674218446,-0.012007054083715996,-0.0012728943079913771,0.97929323380844946,0.057731423533166286,0.19403665811878057
0.9079522278363743,-0.054806271830281764,-0.012026670783062118,-0.0017919804667855927,0.97929874000599215,0.057104141815417599,0.19419032832818361
0.90747226250922508,-0.054258563033059093,-0.012620710757954956,-0.0019472076347582261,0.97937029086778804,0.057543674580970039,0.19369761811568859
0.90834684191894621,-0.055178475867770249,-0.011435432557337741,-0.0017283394669478165,0.97922568585251946,0.057069674301677087,0.19456906558970405
0.90814558689108904,-0.055037029113165464,-0.011761230168679651,-0.0017613501811024027,0.97926799518645391,0.056923242385285643,0.19439865155239416
0.90812988676084783,-0.054564896535980609,-0.011680786448472952,-0.0016828859113440023,0.97921905641437645,0.057622776876646443,0.19443976711303718
0.90823626851006967,-0.055332955102823135,-0.01188059937703935,-0.0014453415524866931,0.97923171983868862,0.057091829351398789,0.19453450303447883
0.90826628892131045,-0.054923083982836365,-0.011556655984106323,-0.0010808186681835984,0.97922166940532662,0.057639518502917382,0.1944259239525524
0.90792263804171391,-0.054931311850763609,-0.012177593185936725,-0.0020515461449291282,0.97930127937718048,0.056904730678548981,0.19423348577172489
0.90812988676084783,-0.054564896535980609,-0.011680786448472952,-0.0013073599889154085,0.97921962978685828,0.057697339354946073,0.19441765475724704
0.90802222156543455,-0.054710557696992262,-0.011866730023852565,-0.0015679030799698546,0.97926122334958565,0.057449779642944079,0.19427949182243134
0.90822318131653235,-0.055360567110666656,-0.01176606454188911,-0.001572838233842873,0.97926884027568584,0.05688896400732911,0.19440604522281887
0.90811449885631645,-0.055081650151974859,-0.011976043220044391,-0.0019545616583010097,0.97925737608274399,0.056949372194132229,0.19444263957002247
0.9083242079012035,-0.054931765022613446,-0.011526043566474464,-0.0017764306607051515,0.97918644973949254,0.056933209860493522,0.19480593049406186
0.90860667439123377,-0.055295187420739154,-0.011113638700944437,-0.0013864872653880243,0.97915292612121563,0.057038681253418828,0.19494669466855591
0.90809029593021284,-0.055043040208145134,-0.011995852850682318,-0.0016910799149020158,0.97925983788184356,0.057239202342829851,0.1943475852062585
0.90839821742866711,-0.055667802165323979,-0.011696863321712131,-0.0013153739247070005,0.97922284052053232,0.0572027353381417,0.19454754037040148
0.90804454842395321,-0.055204562144600386,-0.01229156698357764,-0.0013467501873989289,0.97926445366732173,0.057143732899392334,0.19435511271355321
0.90804638297551554,-0.054749100461191476,-0.011846985069749752,-0.0018314672516337926,0.97925884325570611,0.057159998894768797,0.19437463352905132
0.90864010444935761,-0.054867003282598657,-0.011028432129667406,-0.0012059721675091301,0.97910353686017415,0.057612799628787001,0.19502711364823627
0.90795285724551555,-0.05537295978251431,-0.01219937696304263,-0.0015430300627915284,0.97933696290055372,0.057132698697611325,0.19399120313682533
0.90788581727983186,-0.054576398054402959,-0.012043092461813468,-0.0019150691076685296,0.97930150023527474,0.057111104928217679,0.19417318517532564
0.90831774786465613,-0.055018796352218555,-0.011413429066136238,-0.0018826037095484506,0.97922109577992844,0.057218226565970622,0.19454710465970598
0.90822112885466433,-0.054740476838598062,-0.011812661481839737,-0.0011114494562514726,0.97918635655767461,0.057589069233273275,0.19461845471655137
0.90830176597512347,-0.05505532301366,-0.011558225475654965,-0.0014664602065928023,0.97922281579730797,0.05728503247196174,0.19452236779131737
0.90794407799136267,-0.054731141320311559,-0.011901625899784621,-0.0015690904927245979,0.97930003442455171,0.057401770714564829,0.19409795787161263
0.90790554279296376,-0.054236459660269194,-0.011964126154257529,-0.0016589550524235056,0.97925450566847305,0.05756806419194524,0.19427758229224737
0.90805311246183384,-0.054808222515456091,-0.011848662862365383,-0.0012468293955493258,0.9792569737978275,0.057759900152669019,0.19421127315151751
0.90797323837041377,-0.054890879200739026,-0.011923632981410692,-0.0014148050464117918,0.97930459739353515,0.057253155245075078,0.19412001459161923
0.90805481946306599,-0.05491084858394437,-0.011994275372425617,-0.0014930146323194849,0.97925850361693223,0.057556308574718974,0.19426225918712708
0.90837349540915291,-0.055062168481468374,-0.011543741862519039,-0.0014887312182617083,0.97918660925213086,0.057427039793160453,0.19466253630647462
0.9079344455589019,-0.054740163669030097,-0.01202591945132489,-0.002068535826368578,0.97929740605305193,0.057188241610390503,0.19416955651906667
0.90829340682345205,-0.055287221533009037,-0.011815535643903835,-0.0013408583839430953,0.97921976505426778,0.057293785005030372,0.19453605327973672
0.90860845585534789,-0.055397687736439577,-0.011259108616304123,-0.0014449578602961659,0.97915457269709183,0.056872305810673228,0.19498660388584382
0.90812903724624472,-0.055193784333954998,-0.011893572284741818,-0.0014129205574943771,0.97926631304786094,0.05722968504094679,0.19431998079266408
0.90781708921312854,-0.054730068816626745,-0.012150320897835895,-0.0011011309869290553,0.97932831614949012,0.057650131576885914,0.19388475707884287
0.90798307240358389,-0.054903945605585577,-0.012008684385431428,-0.0012831134972559905,0.97929493218003572,0.057451525630445574,0.19411108064452884
0.90831951722633297,-0.055121439555149337,-0.011558973070162543,-0.0015653992176613211,0.97922344761155622,0.0571264271554233,0.19456505465649149
0.90845444380825069,-0.055032934385441261,-0.011249484509616506,-0.0014677664129169857,0.97918415664815917,0.057317217101823081,0.19470739496663481
0.90807911497047811,-0.054642553830870487,-0.011592192553219291,-0.001471448032337988,0.97926076696118936,0.057592584606744469,0.19424026186552193
0.90828579277049093,-0.054867901044517497,-0.011650658851010479,-0.0011176494712639847,0.97918150060649001,0.057711046703999187,0.19460671832701715
0.90847258931942387,-0.054754798110552838,-0.011210405139112561,-0.0015663058846568346,0.97914533961450179,0.057278350576982599,0.1949131631066979
0.90825859866684888,-0.055328234212338574,-0.011582158838631992,-0.0011701053670009477,0.97926034383417426,0.057271437932731949,0.19433937389093914
0.90847990763816988,-0.055294386386654903,-0.011362759038031217,-0.0014818329463092404,0.97918067664918962,0.057175149929597158,0.19476654969086152
0.90810712134760307,-0.05437778569269483,-0.011638161714803419,-0.0018137444161106546,0.97921175314080122,0.057677314895137936,0.19445919929023386
0.90849708571575905,-0.054880175525126501,-0.011212930536655064,-0.0012687459893423055,0.9791438702326456,0.057682406653832591,0.19480352058438993
0.90871897489842046,-0.055577701015919634,-0.011351811910093101,-0.0011812936270065139,0.97911326293966527,0.057063952887186326,0.19513976571139471
0.90773105813323052,-0.054889654230753024,-0.012610582389362968,-0.0013911868558820711,0.9793349079202982,0.057650451394928616,0.19384949879180619
0.90795342571125937,-0.055028939871514068,-0.012159676883925608,-0.0013548344455032227,0.97929793933192,0.05728932590580095,0.19414335832353305
0.90836038969729238,-0.054866031246409971,-0.01137690111551494,-0.0013079910500072578,0.97918149814962807,0.057657988876140265,0.19462127108726401
0.90827269027825552,-0.054895711240338749,-0.01153617411134733,-0.0016206530495876095,0.97921823541306441,0.057433571523155542,0.19450040046311493
0.90784340112362094,-0.054220488195339978,-0.011854226589148018,-0.0018886147612678821,0.97929189876934652,0.057490562872973217,0.19410987950014402
0.90802818879040814,-0.055027093914887734,-0.011885964038567093,-0.0015450784345957716,0.97929788730771283,0.057236267845379614,0.19415784890241569
0.90793725734213648,-0.054507339729810131,-0.011714246063463038,-0.0017407880531528734,0.97929168442790482,0.057464136825231431,0.19412016754124822
0.90824313903939835,-0.055020620769821407,-0.011687190845085474,-0.0016923832549000845,0.97922121393999839,0.057271346355204117,0.19453262681477612
0.90827873277542803,-0.055463280833376392,-0.011763231230522739,-0.00088648841529327454,0.97926659535124261,0.057363657283855715,0.19428216642423915
0.90850983756019632,-0.054682416977682141,-0.01097492755024948,-0.0019130512459961952,0.97915221383518414,0.05704646958131053,0.19494353717139931
0.90817008006120825,-0.055125096519001215,-0.012106456778489594,-0.0017483735806786138,0.97922268443289395,0.057120795578400649,0.19456899083448612
0.90825616305446633,-0.055276420943528193,-0.011720741208220642,-0.0012048728442355747,0.97925922162636514,0.057380802376607538,0.19431255404572198
0.90821996931404236,-0.055118063447797253,-0.011817613683440281,-0.0017408969699827315,0.97922144225990981,0.057015215425998675,0.19460627303889561
0.90853037140422066,-0.054616565976116041,-0.011313219400386682,-0.0013130910262665282,0.97910490371097836,0.057631512673792733,0.19501403043884616
0.90885433822784223,-0.055205042884910648,-0.010869211687350944,-0.0015413602499491723,0.97906584214369452,0.057490457450617968,0.19524996352920801
0.90866467529413719,-0.054992416663326577,-0.011030811169020965,-0.0010962499776827482,0.97910160959830839,0.05797950062004386,0.19492874037924418
0.90837820352092924,-0.055096447710157828,-0.011563046689143847,-0.0016322434484101972,0.97919244768344826,0.056874473614810732,0.19479420020129196
0.90842542871377729,-0.055037619903810737,-0.011412834680291001,-0.0022225908837089172,0.97918900204951742,0.056765967142189643,0.19483732529842945
0.90840723590404315,-0.054290212135237575,-0.011418448397770703,-0.0013073127521785199,0.97909754294263973,0.058120659429353919,0.19490582670754381
